593
613
623
631
583
619
626
561
614
610
640
597
636
635
635
634
634
633
633
632
632
631
631
630
630
629
629
628
628
627
627
626
626
625
625
624
624
623
623
622
644
666
663
669
703
670
700
695
723
735
739
766
720
728
727
734
697
717
698
647
648
632
657
630
626
793
1186
1324
1322
1302
1250
1234
1237
1199
1201
1202
1176
1177
1165
1186
1164
1163
1158
1136
1111
1086
1061
1037
1012
987
963
938
913
889
864
839
814
790
765
740
716
691
666
642
617
592
568
543
518
493
469
497
529
607
607
651
644
674
662
681
699
829
682
1162
694
617
618
586
558
551
544
531
511
506
521
496
494
489
480
474
462
472
439
443
451
459
422
424
436
411
414
416
384
400
398
396
394
393
391
389
387
386
384
382
380
379
377
375
373
372
370
368
366
365
363
361
359
358
356
369
336
379
384
357
341
351
361
359
371
378
365
380
383
380
371
392
397
369
368
375
344
350
357
359
350
345
342
309
327
336
345
344
343
342
342
341
340
339
339
338
337
336
336
335
334
334
333
332
331
331
330
329
328
328
327
326
326
325
339
370
394
388
383
409
414
387
420
415
393
404
399
428
406
421
405
443
435
428
451
410
406
378
387
376
376
379
368
366
375
387
379
372
385
373
371
365
351
374
356
372
367
385
377
366
408
411
420
421
422
423
424
426
427
428
429
431
432
433
434
435
437
438
439
440
442
442
442
442
443
443
443
443
443
444
444
444
444
445
445
445
445
446
446
446
446
446
447
447
447
447
448
448
448
448
449
449
449
449
449
450
450
450
450
451
451
451
451
452
452
452
452
452
453
453
453
453
454
454
454
454
454
455
455
455
455
456
456
456
456
457
457
457
457
457
458
458
458
458
459
459
459
459
460
460
460
460
460
461
461
461
461
462
462
462
462
463
463
463
463
463
464
464
464
464
465
465
465
465
466
466
466
466
466
467
467
422
419
416
414
411
409
406
385
391
396
403
411
417
406
425
409
412
401
422
423
380
398
389
364
367
375
393
357
361
377
370
380
392
401
358
381
377
324
381
367
368
370
371
373
375
376
378
379
381
383
384
386
387
389
391
392
394
395
397
399
400
402
403
405
407
408
419
416
427
423
448
451
463
477
498
492
494
496
487
494
506
323
275
452
476
443
459
433
489
479
460
405
344
348
353
357
362
367
371
376
381
385
390
395
399
404
408
413
418
422
427
432
436
441
446
450
455
459
464
524
527
532
528
523
542
560
533
517
553
553
543
545
566
608
585
605
583
600
583
594
618
607
590
629
586
610
600
620
588
588
581
551
564
558
569
559
555
581
559
571
570
567
565
562
560
558
555
553
552
552
552
552
551
551
551
551
550
550
550
549
549
549
549
548
548
548
548
547
547
547
546
546
546
546
545
545
545
545
544
544
544
543
543
543
543
542
542
542
542
541
541
541
540
540
540
540
539
539
539
539
538
538
538
538
537
537
537
536
469
457
440
441
443
445
446
448
450
452
453
455
457
458
460
462
464
465
467
469
470
472
474
476
477
479
481
482
484
486
488
489
491
493
494
496
498
500
501
503
505
506
508
510
512
513
515
517
518
520
522
524
525
527
529
530
532
534
535
537
539
541
542
544
546
547
549
551
553
554
556
558
559
561
563
565
566
568
570
571
573
575
577
578
580
582
583
585
587
589
590
592
594
595
597
599
601
602
604
606
607
609
611
613
614
616
618
619
621
623
625
626
628
630
631
633
628
624
619
615
611
606
602
598
593
589
585
580
576
572
567
563
559
554
550
546
541
537
533
528
524
538
541
529
523
510
540
508
516
525
525
525
532
537
530
514
527
502
538
545
549
530
529
540
522
517
504
508
478
471
471
455
453
466
459
442
455
468
435
457
462
467
472
477
482
488
493
498
503
508
514
519
524
529
535
540
545
550
555
561
566
571
576
581
587
592
552
559
557
541
544
561
572
583
585
593
572
587
596
571
531
541
541
520
524
539
540
528
539
557
537
539
550
525
523
526
544
525
541
541
524
537
532
554
537
535
547
503
544
522
514
511
515
515
503
502
495
466
489
491
496
504
500
505
470
506
502
516
500
505
525
510
516
527
524
520
528
540
485
495
486
494
478
480
482
484
486
488
490
492
494
496
498
500
502
504
506
508
510
512
514
516
518
520
522
524
527
529
537
500
541
554
572
548
542
550
527
553
548
554
550
557
560
545
551
557
554
564
554
573
533
567
570
531
537
522
545
526
517
530
530
531
531
532
532
533
533
534
534
535
535
536
536
537
537
538
538
539
539
540
540
541
541
542
542
543
506
526
509
514
522
514
523
526
541
529
534
551
508
515
527
507
501
496
522
468
499
486
482
488
495
514
478
520
506
486
495
510
514
479
500
491
465
479
486
491
468
474
491
464
481
489
493
491
503
504
477
491
489
488
471
470
485
459
465
471
462
469
472
482
469
469
475
466
478
477
488
452
456
468
436
444
440
441
442
443
444
445
446
447
448
449
450
451
452
453
454
455
456
457
458
459
460
461
462
463
464
465
429
465
482
454
493
477
501
494
513
522
500
527
525
515
529
529
530
519
525
513
493
516
523
535
501
509
503
508
514
519
525
530
536
541
547
553
558
564
569
575
580
586
591
597
603
608
614
619
625
630
636
641
647
618
606
550
595
604
577
613
594
615
611
616
636
607
632
625
628
623
618
615
579
597
578
592
585
570
576
545
547
567
560
556
556
584
555
564
549
533
553
551
577
563
582
582
586
596
604
620
622
630
668
656
673
685
685
686
686
687
687
688
688
689
689
690
690
691
692
692
693
693
694
694
695
695
696
696
697
697
698
712
712
717
710
725
725
720
1077
764
761
730
756
763
770
761
756
764
755
765
755
737
725
746
755
1069
742
746
736
742
750
759
1083
748
740
735
746
760
747
740
732
738
741
733
746
730
731
734
744
726
756
770
765
762
770
782
770
772
777
809
775
760
769
743
752
767
741
749
750
762
746
759
744
734
712
726
718
720
721
723
706
718
701
803
693
700
718
665
663
662
660
659
658
656
655
654
652
651
650
648
647
646
644
643
642
640
639
638
636
635
634
632
631
630
628
621
604
611
611
601
610
607
609
615
635
611
622
625
610
626
614
634
581
606
609
599
589
584
599
558
583
579
556
570
552
572
565
557
572
549
569
554
572
538
537
543
550
556
563
569
576
582
589
595
602
608
615
621
628
634
641
647
654
660
667
673
680
686
693
699
706
712
713
695
703
704
715
694
698
699
676
694
697
716
684
700
688
645
661
644
644
621
602
609
580
607
598
594
551
572
574
523
549
539
542
519
536
542
497
540
539
550
553
552
575
543
564
572
570
558
562
570
547
552
554
539
547
547
554
555
557
558
560
562
563
565
567
568
570
572
573
575
577
578
580
582
583
585
587
588
590
592
593
595
586
595
595
601
594
619
612
627
629
643
650
660
690
686
697
720
1295
707
709
861
718
728
758
726
743
749
1139
912
762
802
762
792
824
1304
821
826
870
1521
1283
885
1641
1300
900
903
1315
907
912
1003
908
925
917
1779
968
965
1347
1816
1815
1061
1808
898
927
1031
1026
1058
1315
1327
1645
895
1285
917
881
834
878
856
864
875
838
841
958
1219
797
816
774
774
790
752
771
769
907
759
781
804
756
1446
795
775
776
792
805
757
762
781
773
765
762
782
748
759
767
758
759
741
751
728
739
735
723
726
735
714
718
728
749
709
715
726
690
715
702
731
707
699
688
662
675
656
676
634
648
660
628
647
651
678
651
654
668
619
651
641
654
635
647
660
613
654
658
646
645
645
645
645
644
644
644
644
644
643
643
643
643
643
642
642
642
642
642
641
641
641
641
640
640
646
644
634
636
619
637
622
630
624
626
625
609
619
594
603
608
575
581
582
578
559
563
561
559
557
555
553
551
549
547
545
543
541
539
538
536
534
532
530
528
526
524
522
520
518
516
514
513
511
537
489
517
507
534
513
524
542
731
528
523
519
514
510
505
501
496
492
487
483
478
474
469
465
460
456
451
447
442
438
433
429
424
420
415
411
392
403
408
407
413
423
436
418
443
444
425
426
443
454
444
460
483
455
464
470
492
481
486
514
502
513
513
506
498
509
522
498
503
522
513
512
510
531
508
520
523
492
508
506
546
547
563
570
556
572
575
556
590
594
625
606
625
639
608
641
640
646
629
635
661
966
681
677
688
674
675
682
670
687
682
680
681
683
685
687
689
691
693
695
697
699
701
703
704
706
708
710
712
714
716
718
720
722
724
726
727
729
699
683
707
711
728
1254
722
738
851
749
749
776
784
779
789
757
1133
777
791
764
775
850
841
831
845
843
840
818
843
804
821
826
829
814
767
787
760
751
762
764
762
779
775
1138
1258
764
750
764
751
728
722
742
744
722
730
749
691
723
747
751
742
734
742
1118
715
732
725
709
705
709
676
701
691
707
696
689
721
692
711
711
717
707
706
731
699
720
731
727
838
736
739
744
750
756
762
768
774
779
785
791
797
803
809
815
820
826
832
838
844
850
856
861
867
873
879
885
891
896
902
841
872
884
849
870
855
879
854
916
959
844
937
1007
946
955
959
1017
874
943
979
915
960
984
926
905
981
968
857
974
974
890
973
972
998
813
918
976
868
960
977
974
843
830
818
806
794
782
770
758
746
734
722
710
698
686
674
662
650
638
626
613
601
589
577
565
553
541
529
517
505
493
481
469
457
445
433
421
409
397
384
372
551
420
471
473
499
506
513
521
528
535
543
550
558
565
572
580
587
595
602
609
617
624
632
639
646
654
661
669
676
683
691
660
663
650
599
595
573
579
580
588
572
576
581
556
555
554
526
537
508
593
500
501
493
477
482
464
426
449
440
456
429
437
423
674
429
425
430
423
435
442
422
432
428
442
423
428
439
414
430
425
434
443
452
461
471
480
489
498
507
517
526
535
544
554
563
572
581
590
600
609
618
627
637
646
635
626
626
641
734
634
640
656
655
674
648
921
656
652
665
676
810
709
1132
857
846
1331
1084
747
753
1037
742
743
1243
728
743
743
697
720
730
710
735
725
708
820
704
696
672
668
664
654
649
648
657
617
645
650
983
669
662
682
1095
673
679
1120
676
813
704
691
693
698
693
698
721
723
722
718
759
844
728
741
762
756
748
748
708
1192
722
690
723
719
746
848
744
736
712
741
732
746
715
713
713
971
707
706
709
700
702
706
778
706
701
714
706
718
737
703
723
722
728
721
720
726
711
713
716
719
697
707
736
702
716
724
716
716
721
722
716
715
720
696
714
716
718
721
723
725
728
730
732
735
737
739
742
744
747
749
751
754
756
758
761
763
765
768
770
772
775
777
780
782
757
751
762
763
747
766
784
773
797
811
817
818
825
849
819
813
810
785
780
789
803
776
792
778
744
783
764
792
743
745
758
725
711
716
729
700
717
725
688
719
713
721
705
704
721
681
709
708
692
682
692
704
691
695
700
707
694
706
726
701
709
720
723
733
723
751
713
733
768
737
749
770
799
765
818
847
813
870
866
883
907
915
954
856
907
918
880
911
930
983
865
993
1021
1045
1030
1014
1091
1010
1058
1066
1049
1066
1068
1085
1050
1059
1064
1020
1050
1086
1052
1074
1098
1151
1023
1117
1109
1069
1124
1125
1165
1123
1150
1159
1104
1165
1182
1201
1155
1191
1184
1093
1155
1204
1180
1129
1162
1146
1088
1133
1184
1148
1124
1117
1147
986
1112
1113
1115
1117
1119
1121
1123
1125
1127
1128
1130
1132
1134
1136
1138
1140
1142
1144
1145
1147
1149
1151
1153
1155
1157
1159
1161
1162
1113
1146
1082
1150
1155
1123
1175
1166
1204
1108
1258
1199
1174
1208
1201
1214
1136
1188
1204
1100
1138
1166
1211
1125
1140
1181
1099
1148
1155
1140
1129
1147
1165
1085
1154
1157
1105
1162
1172
1180
1055
1168
1149
1083
1158
1207
1240
1213
1223
1222
1137
1192
1196
1254
1192
1199
1212
1115
1209
1218
1235
1171
1214
1239
1148
1219
1210
1248
1206
1236
1266
1170
1241
1254
1235
1199
1258
1263
1212
1257
1257
1207
1234
1223
1246
1157
1216
1202
1174
1174
1174
1162
1145
1183
1173
1147
1190
1180
1179
1139
1183
1216
1143
1190
1212
1218
1219
1240
1261
1240
1274
1273
1243
1213
1184
1154
1125
1095
1066
1036
1006
977
947
918
888
859
829
800
770
740
711
681
652
622
593
563
534
504
546
549
526
522
528
496
543
600
599
556
565
561
557
553
549
545
542
538
534
530
526
523
519
515
511
507
504
500
496
492
488
485
481
477
473
469
466
462
444
480
443
478
480
496
505
513
496
452
480
470
469
469
469
469
469
469
469
469
469
469
469
469
469
469
469
469
469
469
469
469
469
469
469
469
468
468
464
480
452
464
478
483
491
511
512
497
505
511
492
515
504
491
475
478
484
476
481
482
457
474
467
477
451
457
460
443
457
471
468
466
464
462
460
457
455
453
451
449
446
444
442
440
438
436
433
431
429
427
425
422
420
418
416
414
412
409
408
403
426
439
413
436
449
443
437
432
426
421
415
410
404
398
393
387
382
376
371
365
359
354
348
343
337
332
326
320
315
309
304
298
293
287
296
291
300
289
341
322
304
313
337
330
318
317
334
311
337
328
307
301
304
303
304
288
292
286
287
284
284
281
273
285
290
280
275
271
265
267
268
240
261
252
239
243
255
257
241
250
261
243
260
267
263
260
264
269
252
262
269
276
264
278
289
301
315
334
358
354
355
356
358
359
361
362
364
365
366
368
369
371
372
374
375
376
378
379
381
382
384
385
386
388
389
391
392
394
395
418
418
432
550
546
559
572
594
572
583
563
521
531
521
500
493
494
492
463
469
464
454
451
447
453
435
442
445
412
437
428
419
432
438
444
409
444
442
402
442
444
457
448
466
468
421
460
461
483
445
459
471
418
436
442
456
464
472
480
488
496
504
512
520
528
536
544
552
560
568
576
584
592
600
608
616
624
632
640
648
656
664
642
622
641
645
663
662
669
686
674
684
705
724
711
733
738
743
758
746
756
751
742
752
710
740
733
732
769
769
735
740
759
751
797
792
787
783
778
774
769
764
760
755
751
746
742
737
732
728
723
719
714
710
705
700
696
691
687
682
677
673
618
646
639
656
642
638
650
625
656
663
672
681
695
716
689
701
706
666
687
671
657
648
655
656
618
648
644
632
617
623
631
597
614
610
607
604
601
598
595
592
589
586
582
579
576
573
570
567
564
561
558
555
551
548
545
542
539
536
533
530
527
524
520
517
514
511
508
505
502
499
496
493
489
486
483
480
477
474
471
468
465
462
458
452
463
475
468
473
571
618
592
572
573
529
534
520
481
498
494
485
469
466
468
419
454
444
456
429
426
424
422
419
417
415
413
410
408
406
404
401
399
397
394
392
390
388
385
383
381
379
376
374
372
369
367
386
388
401
399
408
422
406
425
440
464
448
461
477
449
450
442
454
440
443
446
449
452
455
458
462
465
468
471
474
477
480
484
487
490
493
496
499
502
506
509
512
515
518
521
525
528
550
565
565
551
557
541
556
558
534
549
553
559
552
557
557
522
545
543
534
526
518
510
502
493
485
477
469
461
452
444
436
428
420
412
403
395
387
379
371
362
354
346
338
330
322
313
326
341
354
377
356
392
462
464
492
492
503
492
476
487
444
449
440
445
411
415
426
400
412
420
420
405
409
423
393
394
402
414
393
400
432
424
437
423
422
416
418
434
409
424
420
413
416
408
436
397
400
371
372
372
401
393
385
414
424
406
426
422
393
404
414
422
373
372
372
371
371
370
370
369
369
368
368
368
367
367
366
366
365
365
364
364
364
363
363
362
362
361
361
360
360
404
423
399
437
449
465
459
473
493
471
498
498
478
494
500
511
495
479
473
457
447
439
449
414
411
425
405
404
396
399
380
378
390
370
372
382
378
385
419
449
422
394
392
413
403
397
401
392
409
414
411
407
424
441
434
436
448
440
450
448
459
424
452
465
439
450
451
433
437
446
464
451
461
464
441
472
514
493
498
514
489
485
528
504
483
488
477
528
494
503
498
509
520
531
542
554
565
576
587
599
610
621
632
644
655
666
677
688
700
711
722
733
745
756
767
778
790
801
925
812
911
942
967
927
947
995
951
1017
990
1029
966
998
985
855
928
945
939
909
892
919
794
853
890
872
849
884
915
784
895
908
849
871
867
865
809
897
885
850
828
856
865
836
887
923
806
883
883
835
888
922
939
820
897
917
818
914
887
869
737
851
903
839
868
926
962
832
967
1015
914
993
961
1048
960
998
1003
1008
1013
1018
1023
1028
1033
1038
1043
1048
1053
1058
1064
1069
1074
1079
1084
1089
1094
1099
1104
1109
1114
1119
1124
1130
1153
1155
1166
1134
1155
1164
1149
1160
1139
1118
1097
1076
1055
1034
1013
992
972
951
930
909
888
867
846
825
804
784
763
742
721
700
679
658
637
617
596
620
627
621
625
626
643
615
277
547
514
366
383
373
377
374
393
373
372
369
349
400
380
384
373
359
360
356
347
357
394
386
401
400
385
386
388
397
377
380
388
372
376
389
380
401
398
410
385
425
426
423
434
446
464
449
463
462
485
509
533
557
581
605
629
653
677
701
725
749
773
797
821
845
869
893
917
941
965
970
975
980
985
990
995
1000
1004
1009
1014
1019
1024
1029
1034
1039
1044
1049
1054
1059
1064
1069
1074
1079
1084
1089
1094
1099
1104
1109
1114
1119
1124
1129
1134
1219
1282
1275
1392
1344
1409
1420
1425
1463
1491
1497
1455
1522
1520
1485
1523
1552
1563
1530
1555
1563
1543
1550
1552
1546
1532
1547
1553
1506
1526
1524
1510
1502
1515
1521
1489
1509
1503
1487
1489
1471
1454
1436
1419
1402
1384
1367
1350
1332
1315
1297
1280
1263
1245
1228
1211
1193
1176
1158
1141
1124
1106
1089
1072
1054
1037
1020
1002
985
967
950
933
915
898
881
863
846
828
811
794
776
759
742
724
707
690
672
666
666
687
676
681
597
589
570
555
547
539
531
523
515
507
500
492
484
476
468
460
452
445
437
429
421
413
405
397
390
382
374
366
358
350
343
335
359
348
358
364
361
371
367
356
368
378
385
381
380
380
379
379
378
378
377
377
376
376
375
375
374
374
373
373
372
372
371
371
370
370
369
369
368
368
367
361
363
374
358
367
372
383
370
390
403
374
406
411
401
392
393
380
350
362
363
354
341
363
359
322
334
333
334
346
336
338
337
341
349
331
342
349
339
341
338
353
353
354
355
356
356
357
358
359
359
360
361
362
362
363
364
365
365
366
367
368
368
369
370
371
371
355
362
348
359
367
388
376
391
391
375
383
409
432
392
396
400
371
400
391
384
391
389
398
374
388
397
378
382
383
391
355
366
370
377
362
364
364
349
370
372
382
362
388
400
373
393
405
392
406
401
398
395
392
389
386
383
380
377
374
371
368
365
363
360
357
354
351
348
345
342
339
336
333
330
327
325
322
355
358
358
367
385
355
379
383
389
396
379
382
375
369
372
366
365
351
350
351
354
357
335
339
338
316
315
292
304
258
297
304
311
318
325
332
339
346
353
360
367
374
381
389
396
403
410
417
424
431
438
445
452
459
466
474
481
488
495
502
509
516
523
530
537
544
551
559
566
573
580
587
594
601
608
615
622
629
636
644
651
658
665
672
679
686
693
700
707
714
721
729
736
1000
725
734
522
529
504
518
487
452
464
468
489
460
444
456
446
435
426
425
391
394
393
379
368
331
344
328
331
338
310
337
350
333
333
333
333
334
334
334
334
335
335
335
336
336
336
336
337
337
337
338
338
338
338
339
339
339
339
340
335
309
321
320
333
332
338
390
405
432
440
434
453
443
463
423
452
441
436
444
457
474
442
450
472
447
461
475
488
477
491
503
475
501
498
494
490
486
482
478
474
471
467
463
459
455
451
447
444
440
436
432
428
424
421
417
413
409
411
413
415
417
419
421
424
426
428
430
432
434
436
438
440
442
444
446
448
451
453
455
457
461
465
469
474
478
482
486
490
495
499
503
507
511
516
520
524
528
532
537
541
545
549
554
558
562
566
570
575
579
583
483
490
494
519
510
535
533
528
525
513
532
509
499
507
484
487
485
485
456
457
459
459
459
459
459
459
460
460
460
460
460
460
461
461
461
461
461
461
462
462
462
462
462
462
462
463
463
463
463
463
463
464
464
464
464
464
464
465
465
465
465
465
465
465
466
466
466
466
466
466
467
467
467
467
467
467
468
468
468
468
468
468
468
469
469
469
469
469
469
470
470
470
470
470
470
470
471
471
471
471
471
471
472
472
472
472
472
472
473
473
473
473
473
473
473
474
474
474
474
474
474
475
475
475
475
475
475
476
476
476
476
476
476
476
477
477
477
477
477
477
478
478
478
478
478
478
478
479
479
479
479
479
479
480
480
480
480
480
480
481
481
481
481
481
481
481
482
482
482
482
482
482
483
483
483
483
483
483
484
484
484
484
484
484
484
485
485
485
485
485
485
486
486
486
486
486
486
487
487
487
487
487
487
487
488
488
488
488
488
488
489
489
489
489
489
489
489
490
490
490
490
490
490
491
491
491
491
491
491
492
492
492
492
492
492
492
493
493
493
493
493
493
494
494
494
494
494
494
495
495
495
543
513
512
513
517
498
505
500
498
508
481
487
487
487
488
488
489
489
490
490
491
491
491
492
492
493
493
494
494
495
495
495
496
496
497
497
498
498
499
499
499
500
500
501
501
502
502
503
503
503
504
504
505
505
506
506
507
507
507
508
508
509
509
510
510
511
511
511
512
512
513
513
514
514
515
515
515
516
516
517
517
518
518
519
519
519
520
481
476
471
465
460
455
450
445
440
434
429
424
419
414
409
403
398
393
388
383
378
372
367
362
357
352
347
341
336
311
263
253
295
308
318
314
342
366
357
368
363
370
337
359
364
321
339
335
337
303
306
309
313
316
319
323
326
329
333
336
340
343
346
350
353
356
360
363
367
370
373
377
380
383
387
390
394
397
384
396
389
394
412
400
405
415
447
434
435
429
424
419
413
408
403
397
392
387
382
376
371
366
360
355
350
344
339
334
329
323
318
313
307
302
297
291
286
328
305
307
310
313
315
318
321
323
326
329
332
334
337
340
342
345
348
351
353
356
359
361
364
367
369
372
393
400
447
447
447
447
448
448
448
449
449
449
450
450
450
450
451
451
451
452
452
452
453
453
453
454
454
454
454
455
455
455
456
456
456
457
457
457
458
458
458
458
459
459
459
460
460
460
461
461
461
461
462
462
462
463
463
463
464
464
464
465
465
465
465
466
466
466
467
467
467
468
468
468
469
469
469
469
470
470
470
471
471
471
472
472
472
473
473
473
473
474
474
474
475
475
475
476
476
476
476
477
477
477
478
478
478
479
479
479
480
480
480
480
481
481
481
482
482
482
483
483
483
484
484
484
484
485
485
485
486
486
486
487
487
487
488
488
447
445
452
446
451
416
445
460
446
470
479
509
494
501
506
452
462
460
473
459
471
493
467
466
478
475
488
523
566
557
562
583
557
548
540
532
523
515
507
498
490
482
473
465
457
448
440
432
423
415
407
398
390
382
373
365
357
348
340
332
324
315
399
376
415
442
466
456
482
529
512
542
548
542
531
536
547
489
540
531
512
525
536
555
541
542
529
504
539
534
551
534
558
567
537
559
547
536
525
514
502
491
480
469
458
446
435
424
413
402
390
379
368
357
345
334
323
312
301
289
278
267
256
245
233
244
245
249
307
366
385
434
442
478
494
509
507
520
541
1559
561
556
551
546
542
537
532
528
523
518
514
509
504
500
495
490
486
481
476
472
467
462
458
453
448
444
439
446
460
476
474
474
459
478
471
479
492
455
480
490
488
486
485
483
482
480
478
477
475
474
472
471
469
467
466
464
463
461
460
458
456
455
453
452
450
448
447
500
485
508
526
530
531
529
550
543
554
551
561
566
590
603
580
593
602
593
594
576
592
567
571
573
551
558
553
574
559
566
579
566
577
585
762
588
586
599
574
581
587
577
587
582
606
589
598
587
575
591
595
617
1448
826
648
1257
652
651
650
650
649
649
648
648
647
646
646
645
645
644
644
643
643
642
641
641
640
640
639
639
638
638
637
636
636
635
635
634
634
633
633
632
631
631
630
630
629
629
628
628
627
626
626
625
625
624
624
623
623
622
621
621
620
620
619
619
618
618
617
616
616
615
615
614
614
613
613
612
611
611
610
610
609
609
608
608
607
606
606
605
605
604
604
603
603
602
601
601
600
600
599
599
598
598
597
596
596
595
595
594
594
593
593
592
591
591
590
590
589
589
588
588
587
586
586
585
585
584
584
583
583
582
581
581
580
580
579
579
578
578
577
576
576
575
575
574
574
573
573
572
589
602
597
600
573
478
519
476
501
499
483
476
482
484
491
476
462
443
442
434
435
393
406
404
403
402
401
400
398
397
396
395
394
393
391
390
389
388
387
386
384
383
382
381
380
379
377
363
343
366
384
389
391
408
427
429
439
446
453
466
468
469
471
473
474
476
478
480
481
483
485
487
488
490
492
493
495
497
499
500
502
504
506
507
509
511
512
514
555
573
566
579
593
562
600
603
609
608
614
619
1092
606
601
596
592
587
582
578
573
569
564
559
555
550
545
541
536
532
527
522
518
513
509
504
499
495
490
485
481
459
467
451
449
468
461
457
460
473
459
477
479
464
463
487
479
472
465
458
451
444
436
429
422
415
408
401
394
386
379
372
365
358
351
343
336
329
322
315
308
301
293
358
381
406
423
450
448
462
473
1013
486
504
540
544
572
593
1057
1053
1050
1047
1043
1040
1037
1033
1030
1027
1024
1020
1017
1014
1010
1007
1004
1001
997
994
991
987
984
981
977
974
605
617
602
608
595
596
602
599
628
621
620
651
644
648
652
670
647
647
636
611
611
613
616
614
610
613
598
600
592
585
577
570
563
555
548
541
533
526
519
511
504
496
489
482
474
467
460
452
445
438
430
423
415
408
450
479
505
495
493
487
484
508
690
539
697
1259
558
1393
578
584
605
594
617
621
1103
1484
621
623
1102
602
595
589
582
576
570
563
557
551
544
538
532
525
519
513
506
500
494
487
481
475
468
462
456
449
443
437
430
455
488
481
489
504
471
483
483
488
479
481
489
469
478
485
481
469
467
473
456
471
477
480
474
473
481
467
466
459
466
440
438
443
417
419
418
412
407
402
397
392
387
382
377
372
367
362
357
352
347
342
337
332
327
322
317
312
307
302
297
292
286
281
297
284
295
302
284
307
322
339
321
334
353
317
355
353
362
355
359
368
347
360
362
365
355
364
387
370
382
377
381
386
387
405
376
397
402
378
402
412
424
416
425
424
424
424
424
424
424
423
423
423
423
423
423
422
422
422
422
422
422
421
421
421
421
421
421
420
420
453
465
486
487
495
512
512
525
527
540
531
543
556
531
549
539
561
517
504
502
463
476
455
448
434
420
446
415
454
447
385
428
417
414
414
390
398
369
387
390
401
388
397
408
382
420
425
441
439
456
488
426
457
465
471
467
513
499
478
489
510
508
502
510
522
503
503
517
516
510
506
517
500
500
513
489
502
500
509
501
493
514
504
505
501
520
502
492
515
488
507
513
522
516
524
550
549
549
549
549
549
549
549
549
549
549
549
548
548
548
548
548
548
548
548
548
548
548
548
547
547
554
555
533
556
554
581
571
585
601
572
607
623
656
612
659
665
635
664
672
684
657
657
654
614
638
645
640
623
626
638
606
633
628
630
633
626
648
658
668
678
689
699
709
720
730
740
751
761
771
782
792
802
813
823
833
844
854
864
875
885
895
906
916
926
937
947
957
968
978
1476
1489
1466
1550
1517
1566
1580
1674
1612
1643
1676
1744
1746
1694
1714
1685
1625
1629
1612
1590
1565
1575
1581
1522
1545
1521
1464
1474
1492
1509
1442
1459
1482
1402
1444
1485
1478
1448
1471
1462
1432
1475
1495
1472
1503
1494
1492
1435
1497
1516
1517
1486
1519
1529
1494
1549
1516
1540
1518
1532
1582
1539
1596
1628
1554
1618
1655
1668
1677
1693
1698
1718
1758
1759
1762
1761
1801
1837
1808
1840
1865
1870
1848
1884
1879
1827
1864
1861
1879
1830
1882
1883
1841
1865
1866
1864
1841
1850
1881
1829
1847
1865
1859
1860
1878
1887
1857
1867
1889
1851
1856
1852
1843
1818
1824
1832
1808
1835
1811
1823
1833
1832
1857
1815
1857
1872
1870
1887
1915
1962
1949
1936
1969
1915
1914
1913
1912
1911
1910
1909
1908
1907
1907
1906
1905
1904
1903
1902
1901
1900
1899
1899
1898
1897
1896
1895
1894
1893
1892
1891
1891
1857
1969
1971
1989
1998
1950
1903
1855
1808
1760
1713
1665
1618
1570
1523
1475
1428
1381
1333
1286
1238
1191
1143
1096
1048
1001
953
906
858
811
764
716
669
621
574
526
479
431
384
336
289
242
194
279
295
274
287
456
300
299
309
304
300
296
292
288
284
280
276
272
268
264
260
256
252
248
244
240
236
231
227
223
219
215
211
207
203
199
195
191
187
183
179
175
171
167
163
158
199
306
224
262
622
246
697
357
664
257
270
288
278
265
271
258
260
257
261
225
234
239
244
249
254
259
264
269
274
279
285
290
295
300
305
310
315
320
325
331
336
341
346
351
356
361
366
371
377
291
291
328
351
361
374
369
388
364
383
402
415
437
445
482
478
498
505
1016
486
472
487
665
481
522
494
691
1369
639
635
632
628
625
622
618
615
611
608
605
601
598
595
591
588
584
581
578
574
571
567
564
561
557
554
551
547
558
432
438
443
456
1262
494
484
851
526
1049
554
567
577
557
580
576
550
561
574
569
557
564
569
1123
570
568
567
566
565
564
563
562
561
560
559
558
557
556
555
554
553
552
551
550
549
548
547
546
545
544
543
542
541
540
539
538
537
536
535
534
533
532
531
530
529
527
526
525
524
523
522
521
520
519
518
517
516
515
514
513
512
511
510
509
508
507
506
505
504
503
502
501
500
499
498
497
496
495
494
493
492
491
490
489
488
486
485
484
483
482
481
480
479
478
477
476
475
474
473
472
471
470
469
468
467
466
465
464
463
462
461
460
459
458
457
456
455
454
453
452
451
450
449
448
447
445
444
443
442
441
440
439
438
437
436
435
434
433
432
431
430
429
428
427
428
429
430
431
432
433
434
435
436
437
438
439
440
441
442
443
444
445
446
446
447
448
449
450
451
452
453
454
455
456
457
458
459
460
461
462
463
464
465
466
467
468
469
470
471
472
473
474
475
476
477
478
479
480
480
481
482
483
484
485
486
487
488
489
490
491
492
493
494
495
496
497
442
411
445
448
464
465
469
481
455
473
482
473
473
473
480
468
474
476
471
467
463
458
454
450
446
441
437
433
429
424
420
416
412
407
403
399
395
390
386
382
378
373
365
386
387
400
389
418
441
434
462
457
470
468
466
465
464
463
462
461
460
459
458
457
456
455
454
453
452
451
450
449
448
447
446
445
444
443
441
440
454
472
487
503
502
502
502
502
502
502
502
502
502
502
502
502
502
502
502
502
502
502
502
502
502
502
502
502
502
501
501
494
505
507
495
483
471
459
447
435
423
411
399
388
376
364
352
340
328
316
304
292
280
269
257
245
233
221
209
197
185
173
178
182
186
190
194
198
202
207
211
215
219
223
227
231
236
240
244
248
252
256
260
265
269
273
277
281
285
289
294
184
190
181
208
215
243
219
245
250
222
240
233
242
198
221
209
182
187
192
197
202
207
212
217
222
227
232
237
242
248
253
258
263
268
273
273
273
274
274
274
274
274
274
275
275
275
275
275
276
276
276
276
276
277
277
277
277
277
278
278
278
278
278
279
279
279
279
279
279
280
280
280
280
280
281
281
281
281
281
282
282
282
282
282
283
283
283
283
283
284
284
284
284
284
285
285
285
285
285
285
286
286
286
286
286
287
287
287
287
287
288
288
288
288
288
289
289
289
289
344
344
353
356
348
358
363
380
387
390
422
400
418
410
428
422
418
426
409
412
417
429
412
407
400
394
388
382
376
370
364
358
352
346
340
334
328
322
316
310
304
298
292
286
280
274
268
262
256
250
244
237
281
307
361
393
380
409
432
447
470
481
514
498
515
534
530
523
517
511
505
499
493
486
480
474
468
462
456
450
443
437
431
425
419
413
406
400
394
388
382
376
370
363
389
407
421
393
421
425
447
436
446
467
438
468
465
473
452
459
460
427
441
428
423
415
410
431
391
405
400
394
422
396
383
370
357
345
332
319
306
294
281
268
256
243
230
217
205
192
179
167
154
141
128
116
103
90
78
65
52
39
27
158
202
232
230
228
226
224
222
220
218
216
214
212
210
208
206
204
202
200
198
196
194
192
190
188
186
184
182
180
196
213
229
246
262
279
295
312
328
345
361
378
394
411
428
444
461
477
494
510
527
543
560
576
593
609
626
643
659
390
642
699
677
558
544
751
699
728
766
761
791
765
796
736
769
776
768
745
723
700
678
656
633
611
589
566
544
521
499
477
454
432
410
387
365
342
320
298
275
253
231
208
186
164
170
177
184
191
197
204
211
218
224
231
238
245
252
258
265
272
279
285
292
299
306
312
319
326
333
340
346
341
351
351
412
395
403
399
369
385
386
393
376
371
378
375
372
369
366
363
360
357
354
351
348
345
342
340
337
334
331
328
325
322
319
316
313
310
307
304
302
308
328
308
330
344
342
348
355
375
369
375
385
381
395
390
407
407
399
413
402
397
394
391
384
388
395
386
392
386
381
382
376
370
365
359
353
348
342
337
331
325
320
314
309
303
297
292
286
281
275
269
264
258
253
247
241
236
235
249
272
262
305
297
334
352
366
391
378
421
423
450
417
441
454
424
445
444
452
435
438
444
438
432
426
420
414
408
402
396
390
384
378
372
367
361
355
349
343
337
331
325
319
313
307
301
295
290
284
309
286
338
361
355
369
361
393
378
399
422
399
406
422
427
421
430
455
415
428
440
435
445
444
468
439
454
449
445
441
437
433
429
425
421
417
412
408
404
400
396
392
388
384
380
375
371
367
363
359
355
351
347
343
338
385
379
394
415
390
422
413
439
420
425
438
412
437
486
493
470
468
471
446
446
448
432
413
410
410
377
396
380
365
356
360
368
347
346
345
344
343
342
341
340
339
338
337
336
335
335
334
333
332
331
330
329
328
327
326
325
324
324
344
350
350
357
366
345
360
376
389
392
403
420
412
425
441
439
436
434
449
428
441
441
430
423
416
410
403
396
390
383
376
370
363
356
350
343
336
330
323
316
310
303
296
290
283
276
270
263
257
250
263
285
341
340
340
340
339
339
339
339
338
338
338
338
337
337
337
337
336
336
336
336
335
335
335
335
334
334
334
334
333
348
359
365
361
366
365
375
343
372
376
351
346
329
331
306
302
299
276
279
273
277
266
268
285
257
269
275
262
259
261
273
247
261
259
264
269
274
279
284
289
294
299
304
309
314
319
324
329
334
339
344
349
354
359
364
369
374
379
384
399
399
413
400
410
418
407
431
448
472
458
468
475
1286
469
465
475
456
467
467
435
449
439
433
428
424
419
415
410
406
401
397
392
388
383
379
375
370
366
361
357
352
348
343
339
334
330
325
321
317
312
310
338
360
395
396
426
448
447
463
474
484
479
484
500
481
510
500
505
511
512
524
503
516
518
506
500
501
506
488
484
484
471
476
459
459
444
439
446
425
424
430
415
426
426
436
429
437
439
428
455
460
471
468
465
477
450
470
481
492
474
486
493
477
1051
492
500
485
500
512
1058
509
521
529
517
537
544
718
548
568
559
780
775
585
574
579
577
1343
573
567
587
1204
1199
1195
1191
1187
1182
1178
1174
1170
1166
1161
1157
1153
1149
1145
1140
1136
1132
1128
1124
1119
1115
1111
1107
1103
1098
1094
497
502
509
532
556
580
604
628
652
676
700
724
748
772
796
820
844
868
892
916
940
964
988
1012
1036
1060
1084
1108
1132
1156
1180
1204
1228
1252
1276
1300
1324
1348
1372
1396
1420
1444
1468
1492
1516
1540
1564
1588
1613
1666
1619
1675
1632
1627
1666
1630
1582
1534
1487
1439
1391
1344
1296
1249
1201
1153
1106
1058
1010
963
915
868
820
772
725
677
629
582
534
487
439
391
344
296
249
201
281
278
286
307
300
313
314
325
324
313
336
326
325
324
324
323
323
322
322
321
320
320
319
319
318
318
317
317
316
315
315
314
314
313
313
312
311
311
310
310
309
309
308
308
307
1215
372
373
413
418
435
499
1392
1669
794
582
1491
1945
610
1638
1250
1906
580
1838
1600
557
726
536
524
513
506
491
496
470
481
478
475
467
471
476
1292
454
454
435
461
461
473
459
470
472
469
483
486
507
508
515
536
690
528
715
548
538
552
561
1631
562
566
580
582
582
590
593
588
1627
1628
1629
1630
1631
1633
1634
1635
1636
1638
1639
1640
1641
1642
1644
1645
1646
1647
1649
1650
1651
1652
1653
1655
1656
1657
1658
1660
1661
1662
1663
1664
1666
1667
1668
1669
1671
1672
1673
1674
1676
1677
1678
1679
1680
1682
1683
1684
1685
1687
1688
1689
1690
1691
1693
1694
1695
1696
1698
1699
1700
1701
1702
1704
1705
1706
1707
1709
1710
1711
1712
1713
1715
1716
1717
1718
1720
1721
1722
1723
1725
1726
1727
1728
1729
1731
1732
1733
1734
1736
1737
1738
1739
1740
1742
1743
1744
1745
1747
1748
1749
1750
1751
1753
1754
1755
1756
1758
1759
1760
1761
1763
1764
1765
1766
1767
1769
1770
1771
1772
1774
1775
1776
1777
1778
1780
1781
1782
1783
1785
1786
1787
1788
1789
1791
1792
1793
1794
1796
1797
1798
1799
1800
1802
1803
1804
1805
1807
1808
1809
1810
1812
1813
1814
1815
1816
1818
1819
1820
1821
1823
1824
1825
1826
1827
1829
1830
1831
1832
1834
1835
1836
1837
1839
1841
1843
1844
1846
1848
1850
1851
1853
1855
1857
1858
1860
1862
1864
1865
1867
1869
1871
1872
1874
1876
1878
1879
1881
1883
1885
1886
1888
1890
1892
1893
1895
1897
1899
1900
1902
1904
1906
1907
1909
1911
1913
1914
1916
1918
1920
1921
1923
1925
1927
1928
1930
1932
1934
1935
1937
1939
1941
1942
1944
1946
1948
1949
1951
1953
1955
1956
1958
1960
1962
1963
1965
1967
1969
1970
1972
1974
1976
1977
1979
1981
1983
1984
1986
1988
1990
1991
1993
1995
1997
1998
2000
2002
2004
2005
2007
2009
2011
2012
2014
2016
2018
2016
2015
2014
2013
2011
2010
2009
2007
2006
2005
2004
2002
2001
2000
1998
1997
1996
1995
1993
1992
1991
1989
1988
1987
1986
1984
1983
1982
1980
1979
1978
1977
1975
1974
1973
1971
1970
1969
1968
1966
1965
1964
1962
1961
1960
1959
1957
1956
1955
1953
1952
1951
1950
1948
1947
1946
1944
1943
1942
1941
1939
1938
1937
1935
1934
1933
1932
1930
1929
1928
1926
1925
1924
1923
1921
1920
1919
1917
1916
1915
1914
1912
1911
1910
1908
1907
1906
1905
1903
1902
1901
1899
1898
1897
1896
1894
1893
1892
1890
1889
1888
1887
1885
1884
1883
1881
1880
1879
1878
1876
1875
1874
1872
1871
1870
1869
1867
1866
1865
1863
1862
1861
1860
1858
1857
1856
1854
1853
1852
1851
1849
1848
1847
1845
1844
1843
1842
1840
1839
1838
1836
1835
1834
1833
1831
1830
1829
1827
1826
1825
1824
1822
1821
1820
1818
1817
1816
1815
1813
1812
1811
1809
1808
1807
1806
1804
1803
1802
1800
1799
1798
1797
1795
1794
1793
1791
1790
1789
1788
1786
1785
1784
1782
1781
1780
1779
1777
1776
1775
1773
1772
1771
1770
1768
1767
1766
1764
1763
1762
1761
1759
1758
1757
1755
1754
1753
1752
1750
1749
1748
1746
1745
1744
1743
1741
1740
1739
1737
1736
1735
1734
1732
1731
1730
1728
1727
1726
1725
1723
1722
1721
1719
1718
1717
1716
1714
1713
1712
1710
1709
1708
1707
1705
1704
1703
1701
1700
1699
1698
1696
1695
1694
1692
1691
1690
1689
1687
1686
1685
1683
1682
1681
1680
1678
1677
1676
1674
1373
1373
1373
1373
1374
1374
592
577
577
581
577
579
580
866
1406
590
589
588
587
586
585
584
583
582
581
580
579
578
577
576
576
575
574
573
572
571
570
569
568
567
566
565
564
563
563
562
561
560
559
558
557
556
555
554
553
552
551
550
550
549
548
547
546
545
544
543
542
541
540
539
538
537
537
536
535
534
533
532
531
530
529
528
527
526
525
524
524
608
548
1351
563
854
618
2105
1960
1967
1975
1983
1991
1999
2007
2014
2022
2030
2038
2046
2054
2061
2069
2077
2085
2093
2101
2108
2116
2124
2132
2140
2148
2155
2163
2171
2179
2187
2195
2203
2210
2218
2226
2234
2242
2250
2257
2265
2273
2281
2289
2297
2304
2312
2320
2328
2336
2344
2351
2359
2367
2375
2383
2391
2399
2406
1115
1081
1109
1028
1092
964
973
661
695
940
588
606
611
593
610
615
614
601
587
589
559
568
555
563
555
545
558
510
535
550
821
828
835
843
850
858
865
873
880
888
895
902
910
917
925
932
940
947
955
962
970
977
984
992
999
1007
1014
1022
1029
1037
1044
1052
1059
1066
1074
1081
1089
1096
1104
1111
1119
1126
1133
1141
1148
1156
1163
1171
1178
1186
1193
1201
1208
1215
1223
1230
1238
1245
1253
1260
1268
1275
1283
1290
1007
1014
1004
1024
1090
1029
1082
1020
875
1058
883
1049
1088
1005
1090
1051
957
996
748
660
679
673
636
597
594
591
589
586
584
581
579
576
574
571
569
566
563
561
558
556
553
551
548
546
543
541
538
536
533
530
528
499
516
522
511
520
530
526
529
534
554
546
561
591
582
574
566
558
550
542
534
526
518
510
502
494
486
478
469
461
453
445
437
429
421
413
405
397
389
381
373
365
356
348
379
617
401
416
429
409
423
458
442
466
468
482
477
472
468
464
459
455
451
447
442
438
434
429
425
421
417
412
408
404
399
395
391
387
382
378
374
369
365
361
357
352
389
404
414
437
413
423
448
463
454
479
493
479
483
497
496
489
492
506
485
491
501
492
482
482
475
459
467
468
452
454
448
447
452
450
463
443
461
450
423
451
450
466
450
459
464
1269
458
452
461
441
448
455
433
427
422
417
412
407
402
397
392
387
382
377
372
366
361
356
351
346
341
336
331
326
321
316
311
306
300
295
299
319
344
339
363
361
375
357
369
391
371
388
385
410
401
399
419
405
423
423
428
417
411
429
388
396
407
416
401
437
457
437
426
448
453
445
445
460
447
454
455
461
457
462
466
451
436
450
432
446
440
440
439
443
471
458
473
473
459
479
480
496
488
487
492
465
490
484
500
489
485
500
1178
483
481
479
477
475
473
472
470
468
466
464
463
461
459
457
455
454
452
450
448
446
445
443
441
439
437
436
419
441
447
455
461
468
476
469
481
511
497
496
498
512
493
487
481
475
469
463
457
451
445
439
433
427
421
415
410
404
398
392
386
380
374
368
362
356
350
344
338
333
327
339
348
350
348
374
379
390
415
422
429
437
444
452
459
467
474
481
489
496
504
511
519
526
533
541
548
556
563
571
578
585
593
600
608
615
623
630
610
622
611
603
621
631
603
652
644
635
642
664
695
623
618
614
610
606
601
597
593
589
585
580
576
572
568
564
559
555
551
547
542
538
534
530
526
521
517
513
509
505
500
575
560
572
566
570
576
586
609
594
621
635
588
581
620
625
573
607
603
582
587
582
595
573
593
589
569
581
584
560
567
554
541
528
515
503
490
477
464
451
439
426
413
400
388
375
362
349
336
324
311
298
285
273
260
247
234
221
209
240
275
439
597
641
608
641
659
574
682
676
366
407
462
623
500
670
683
656
637
647
651
536
554
609
615
601
585
574
562
566
575
589
570
576
578
580
583
586
589
592
594
597
600
603
606
608
611
614
617
620
622
625
628
631
634
636
639
642
645
648
650
653
668
639
640
683
642
671
649
445
675
406
351
678
686
695
704
713
722
731
740
748
757
766
775
784
793
802
811
819
828
837
846
855
864
873
881
890
899
908
917
926
935
944
952
961
970
979
988
997
1006
1015
1023
1032
1041
1050
1059
1068
1077
1085
1094
815
812
808
882
851
732
392
377
740
742
478
713
713
705
658
648
650
622
624
645
628
604
634
613
614
584
587
607
571
583
580
577
583
584
585
586
587
588
589
591
592
593
594
595
596
597
599
600
601
602
603
604
605
607
608
609
610
611
612
614
615
604
582
613
621
626
623
670
646
689
663
679
715
680
688
712
668
668
674
652
635
644
647
601
602
636
609
639
587
580
560
578
566
559
552
568
566
549
550
543
476
528
523
366
508
512
523
476
527
527
526
508
532
534
500
522
546
278
552
527
243
236
554
568
384
413
416
285
265
285
298
294
294
300
325
299
312
318
308
316
309
311
299
298
303
292
293
295
297
299
302
304
306
308
311
313
315
317
320
322
324
327
329
331
333
336
338
340
342
345
347
349
352
354
345
359
345
345
354
354
357
371
394
387
392
401
394
405
393
411
391
417
418
419
420
421
422
423
424
425
426
427
428
429
430
431
432
433
434
435
437
438
439
440
441
442
443
444
445
446
447
448
449
450
451
452
453
454
456
457
458
459
460
461
462
463
464
465
466
467
468
469
470
471
472
473
475
476
477
478
479
480
481
482
483
484
485
486
487
488
489
490
491
492
494
495
496
497
498
499
500
501
502
503
504
505
506
507
508
509
510
511
513
514
515
516
517
518
519
520
521
522
523
524
525
526
527
528
529
530
532
533
534
535
536
537
538
539
540
541
542
543
544
545
546
547
548
549
551
552
553
554
555
556
557
558
559
560
561
562
563
564
565
566
567
568
570
571
550
550
547
548
549
550
551
552
553
554
555
556
557
558
559
560
561
562
563
564
565
566
567
568
569
570
571
572
574
575
608
614
625
655
665
653
670
698
680
699
715
719
717
720
714
709
704
699
694
689
684
679
674
669
664
659
654
649
644
639
634
629
624
619
614
609
604
599
594
589
584
578
573
585
611
621
571
625
640
659
642
663
677
667
658
648
639
629
620
610
601
591
582
573
563
554
544
535
525
516
506
497
488
478
469
459
450
440
431
421
412
381
380
396
380
382
385
383
390
397
415
405
416
437
424
437
433
443
425
418
413
398
391
381
385
371
362
372
402
366
364
361
358
349
358
340
338
597
444
530
385
601
326
330
339
326
341
348
357
351
355
370
359
371
368
381
361
375
382
351
373
370
380
363
378
394
378
388
385
401
398
389
397
364
385
383
386
373
370
381
372
365
368
368
355
344
364
345
346
351
334
336
331
344
319
326
341
324
334
328
334
324
334
354
338
357
354
356
354
363
379
369
374
384
373
370
368
365
363
360
358
355
353
350
348
345
343
340
338
335
333
330
328
325
323
320
318
315
313
310
308
329
303
314
313
293
306
420
334
592
262
590
387
606
581
585
545
547
544
517
530
520
518
499
498
501
455
493
479
474
468
468
486
449
442
463
446
453
454
469
433
450
458
429
444
442
455
444
457
462
439
459
459
453
459
468
471
462
452
443
434
424
415
406
396
387
378
368
359
350
340
331
322
312
303
294
284
275
266
256
247
238
229
219
256
252
245
258
254
253
255
256
254
256
523
547
586
422
416
574
472
437
541
526
591
246
597
267
278
253
264
271
421
317
413
270
309
269
277
252
317
458
264
251
568
305
384
411
537
379
557
246
260
471
445
495
574
268
458
279
251
510
274
268
582
518
604
598
594
545
576
553
452
626
590
282
293
289
285
281
277
273
269
265
261
258
254
250
246
242
238
234
230
227
223
219
215
211
207
203
199
196
192
233
244
234
240
261
242
266
268
270
273
275
277
280
282
284
287
289
291
294
296
298
301
303
306
308
310
313
315
317
320
322
324
327
329
331
334
289
339
344
353
339
348
366
337
364
356
369
359
357
371
338
349
348
340
320
322
336
299
311
315
299
297
292
314
298
289
312
287
309
299
313
302
305
311
308
309
311
327
315
326
345
327
347
358
362
361
359
370
333
357
360
358
360
348
368
343
351
360
348
347
344
341
334
349
361
341
346
343
336
340
334
342
306
311
299
276
295
291
314
297
308
317
282
314
310
323
300
308
313
274
303
307
323
287
310
329
281
323
324
332
301
318
333
314
314
314
314
314
314
314
314
314
315
315
315
315
315
315
315
315
316
316
316
316
316
316
316
316
317
317
349
331
343
357
328
357
356
378
367
383
403
375
402
399
388
383
392
400
378
374
370
364
360
360
374
347
363
370
363
368
368
367
351
366
377
359
358
362
347
353
358
368
336
360
360
329
363
361
372
356
366
375
326
368
368
386
367
369
391
332
375
371
387
391
396
401
406
411
415
420
425
430
435
440
444
449
454
459
464
469
473
478
483
488
493
498
502
507
504
526
516
530
525
553
543
548
562
553
560
569
587
573
581
599
570
588
600
606
590
597
606
567
581
580
591
568
565
576
553
541
551
543
557
549
564
541
546
563
537
549
546
554
539
545
570
537
541
555
542
543
555
575
536
565
584
540
584
587
593
545
566
564
523
553
553
567
540
545
555
517
555
554
572
586
600
614
628
642
656
670
685
699
713
727
741
755
769
783
798
812
826
840
854
868
882
897
911
925
939
953
967
981
995
1010
946
936
930
890
906
952
1002
965
995
963
978
941
970
962
930
913
913
916
896
915
940
832
838
909
896
870
881
830
867
915
898
728
816
894
874
839
831
865
886
852
843
881
937
914
886
962
937
915
913
958
885
932
873
884
906
868
902
836
802
979
931
964
873
1019
973
814
1063
967
988
989
991
1037
942
958
1081
1022
1059
1023
1036
932
1055
1028
1047
1078
1146
1091
999
1138
1169
1039
1087
1036
1057
1036
1103
1050
996
1044
1053
1039
1067
1078
1092
1048
1012
1078
1067
994
1028
1037
1046
1055
1064
1073
1082
1091
1100
1109
1118
1128
1137
1146
1155
1164
1173
1182
1191
1200
1209
1219
1228
1237
1246
1255
1264
1273
1282
1291
1300
1310
1282
1221
1257
1241
1216
1200
1268
1272
1276
1302
1287
1253
1306
1395
1393
1331
1383
1350
1206
1349
1332
1369
1279
1263
1344
1244
1321
1309
1329
1283
1285
1295
1233
1289
1302
1285
1286
1287
1288
1289
1290
1291
1292
1293
1294
1295
1296
1297
1298
1299
1300
1302
1303
1304
1305
1306
1307
1308
1309
1310
1311
1312
1300
1289
1277
1265
1253
1242
1230
1218
1206
1195
1183
1171
1159
1148
1136
1124
1112
1101
1089
1077
1065
1054
1042
1030
1018
1007
995
983
971
960
948
936
924
913
901
889
877
865
854
842
830
818
807
795
783
771
760
748
736
724
713
701
689
677
666
654
642
630
619
607
595
583
572
560
548
536
525
513
501
489
478
466
454
442
431
419
407
395
383
403
403
424
427
136
127
147
152
160
168
174
188
153
255
171
412
431
427
415
414
404
425
421
412
411
413
423
426
428
391
401
412
416
403
405
410
424
409
431
419
421
424
426
429
431
434
436
439
441
444
446
449
451
454
456
459
461
464
466
469
471
474
476
479
481
484
486
489
492
494
463
493
476
506
425
486
526
479
420
502
510
485
485
505
477
496
521
512
504
509
514
514
516
518
487
516
497
501
209
167
338
155
497
162
225
208
475
494
488
482
487
498
466
494
487
473
488
486
494
483
488
495
466
494
491
505
473
494
491
477
504
512
494
507
521
534
548
561
575
588
602
615
629
643
656
670
683
697
710
724
737
751
765
778
792
805
819
832
846
859
873
887
900
866
917
866
899
882
903
914
906
886
914
935
891
917
934
884
894
913
925
891
907
905
841
884
901
852
837
841
858
809
796
824
785
777
777
768
731
747
720
705
711
744
723
702
696
729
702
729
692
725
699
734
731
651
695
680
731
618
670
678
666
654
643
631
620
608
597
585
574
562
551
539
528
516
505
493
482
470
459
447
436
424
413
401
390
378
367
355
313
333
333
323
322
332
329
314
338
340
333
453
494
498
491
525
501
485
492
514
481
518
498
499
473
509
503
482
502
509
497
483
490
483
461
490
486
471
481
467
469
464
468
460
561
584
607
630
654
677
700
723
747
770
793
816
840
863
886
910
933
956
979
1003
1026
1049
1072
1096
1152
1139
1168
1184
1150
1117
1084
1050
1017
984
950
917
884
850
817
784
751
717
684
651
617
584
551
517
484
451
417
384
351
318
284
193
192
184
200
188
425
451
449
434
520
573
546
552
528
536
519
518
514
510
507
503
500
496
492
489
485
482
478
475
471
467
464
460
457
453
450
446
442
439
435
432
428
424
421
464
463
471
474
478
478
484
512
499
497
496
495
494
492
491
490
489
487
486
485
484
482
481
480
479
477
476
475
474
472
471
470
469
467
466
465
464
463
461
454
449
458
474
467
471
475
479
491
500
517
516
532
559
562
550
584
581
590
594
599
575
578
612
603
591
581
587
607
553
575
530
509
532
519
507
494
482
469
457
445
432
420
407
395
382
370
358
345
333
320
308
295
283
271
258
246
233
221
209
196
202
498
489
499
485
485
503
483
482
504
497
518
516
526
517
539
539
539
524
546
524
534
514
565
562
575
558
571
545
544
540
524
540
528
537
508
506
527
544
507
518
505
503
490
516
495
493
507
492
517
499
520
532
514
500
499
507
493
515
511
480
517
531
490
476
498
526
488
493
499
496
501
505
491
456
488
496
492
501
467
491
490
495
471
455
450
451
461
442
449
448
440
442
430
442
436
419
453
424
415
406
397
388
379
370
362
353
344
335
326
317
308
300
291
282
273
264
255
246
238
229
220
211
202
193
185
176
198
210
177
194
191
212
202
219
237
220
240
239
246
236
248
260
233
258
269
260
254
257
295
264
282
298
288
283
264
274
256
256
279
249
262
251
266
254
260
269
253
261
276
270
272
273
285
261
273
274
262
264
266
287
287
288
289
290
291
292
293
294
294
295
296
297
298
299
300
301
302
302
303
304
305
306
307
308
309
309
310
274
301
300
319
304
322
327
292
314
319
330
313
320
320
278
296
312
321
292
295
313
277
294
279
281
263
272
281
232
263
260
270
259
248
273
243
255
267
264
261
261
281
254
269
285
274
270
272
292
266
268
269
257
256
257
262
252
250
262
252
254
256
254
248
256
259
245
241
242
228
226
234
245
225
224
223
222
221
220
219
218
217
216
215
214
213
212
211
210
209
208
207
206
205
204
203
202
201
200
199
198
168
170
179
255
265
276
286
297
308
318
329
340
350
361
371
382
393
403
414
425
435
446
456
467
478
488
499
510
520
531
541
552
453
460
443
469
474
465
476
495
509
480
476
512
497
480
481
452
469
447
478
475
482
476
423
448
433
439
426
469
411
439
438
432
415
448
424
458
425
456
447
460
449
469
459
447
469
490
469
453
467
484
451
495
491
487
483
479
475
471
467
463
459
455
451
447
443
439
435
431
427
423
419
415
411
407
403
399
395
391
387
383
355
343
366
372
387
371
387
386
370
371
373
375
377
379
381
383
385
387
389
391
393
394
396
398
400
402
404
406
408
410
412
414
416
418
419
421
423
425
427
429
431
433
435
437
439
441
443
444
446
448
450
452
454
456
458
460
462
464
466
468
469
471
533
500
509
503
481
474
470
466
462
458
454
450
446
442
438
434
430
426
422
418
414
410
406
402
398
394
390
386
382
375
386
394
364
386
380
379
389
405
421
434
421
431
415
438
409
424
400
435
427
430
415
450
424
415
423
420
418
416
415
414
413
412
411
410
408
407
406
405
404
403
402
401
399
398
397
396
395
394
393
392
390
424
399
414
463
479
482
472
479
483
468
486
478
490
514
507
518
501
489
497
489
496
521
501
490
501
484
508
480
482
488
488
486
517
496
468
499
546
494
517
514
528
509
497
520
472
505
482
524
496
489
487
475
512
495
499
478
481
486
433
483
478
485
482
483
495
487
496
512
516
506
500
488
474
512
509
506
504
501
498
496
493
491
488
485
483
480
477
475
472
470
467
464
462
459
457
454
451
449
446
443
441
439
441
421
460
448
433
452
469
487
487
492
507
466
489
489
483
480
478
476
474
472
470
468
466
464
461
459
457
455
453
451
449
447
445
442
440
438
436
434
432
430
428
426
423
427
429
445
420
430
432
414
443
444
454
470
480
504
485
485
480
482
484
477
481
442
440
460
447
450
444
470
433
445
450
451
451
449
446
432
411
453
425
438
441
445
425
436
445
436
455
459
463
468
469
458
462
450
460
481
466
486
483
462
488
449
444
471
476
487
463
450
455
479
450
473
467
446
492
472
471
467
465
478
465
449
450
452
492
483
471
484
479
495
482
480
495
476
488
483
501
479
496
497
479
468
486
508
473
493
507
482
494
523
504
506
475
489
475
501
501
486
485
505
506
471
496
495
476
486
485
491
482
478
493
459
492
473
480
473
493
502
464
488
484
485
470
482
483
469
489
492
475
473
471
488
477
465
478
472
498
502
492
486
495
491
481
501
484
512
495
496
495
476
475
474
474
473
473
472
472
471
471
470
470
469
469
468
468
467
467
466
466
465
465
464
464
463
463
462
513
477
479
504
465
481
501
503
483
458
469
472
472
472
472
472
472
473
473
473
473
473
474
474
474
474
474
475
475
475
475
475
476
476
476
476
476
476
477
403
450
429
412
446
401
435
425
416
407
398
389
380
371
362
353
344
335
326
316
307
298
289
280
271
262
253
244
235
226
217
207
198
189
180
171
162
153
144
166
188
210
232
254
276
298
320
342
364
386
408
430
452
475
497
519
541
563
585
607
629
651
673
695
717
556
589
602
625
606
643
618
527
564
565
573
564
568
557
511
541
554
539
514
530
520
498
484
471
458
445
432
419
405
392
379
366
353
340
327
313
300
287
274
261
248
234
221
208
195
182
169
156
142
129
116
103
90
77
64
50
62
68
63
65
62
61
72
77
81
95
69
75
61
52
93
92
91
85
86
87
80
83
79
87
74
86
87
73
178
130
248
272
285
298
311
324
337
350
363
376
389
402
415
428
441
454
467
480
493
506
519
532
545
558
571
584
597
610
583
606
620
616
622
654
660
607
636
669
640
628
658
662
653
636
672
642
629
645
659
633
654
637
649
658
679
652
638
655
651
590
624
587
593
552
574
583
553
579
566
558
548
553
560
552
556
560
564
568
572
576
580
584
589
593
597
601
605
609
613
617
622
626
630
634
638
642
646
650
655
659
615
629
634
643
640
642
645
648
651
654
656
659
662
665
668
671
673
676
679
682
685
688
690
693
696
699
702
705
707
710
713
716
719
721
724
727
730
733
736
738
741
744
747
750
753
755
758
761
764
767
770
772
710
738
757
770
749
747
750
738
791
775
802
759
717
732
694
703
701
667
665
665
655
643
680
666
651
654
648
652
633
642
640
639
638
637
636
635
634
633
632
631
630
629
628
627
626
625
624
623
622
621
620
619
618
617
616
615
614
613
612
611
609
610
603
620
649
640
638
663
685
648
657
690
672
650
707
658
666
674
648
646
647
648
649
650
651
652
653
655
656
657
658
659
660
661
663
664
665
666
667
668
669
671
672
673
674
675
676
677
679
680
707
676
695
710
661
697
703
717
735
720
716
694
729
721
720
680
729
719
668
662
657
651
646
641
635
630
625
619
614
609
603
598
593
587
582
577
571
566
561
555
550
545
539
534
529
523
518
610
620
595
614
657
694
673
696
703
699
703
694
696
694
707
671
643
683
685
631
627
613
622
608
626
601
586
580
604
576
585
579
582
580
599
611
572
597
610
631
603
614
623
587
647
641
651
643
673
666
628
683
687
701
680
702
679
701
711
723
691
649
682
703
670
674
680
685
659
663
682
649
642
624
629
633
636
639
631
630
679
619
612
605
599
592
586
579
573
566
560
553
547
540
534
527
521
514
508
501
494
488
481
475
468
462
455
449
442
436
429
423
416
410
403
397
390
449
493
499
522
546
561
577
576
592
585
581
576
528
455
460
474
437
450
456
433
459
408
391
372
371
373
347
350
346
341
318
317
323
293
309
309
315
310
296
318
304
312
303
308
311
315
319
323
327
331
335
339
343
347
351
355
359
363
367
371
375
379
383
387
391
395
399
403
407
411
415
419
423
427
431
435
439
443
447
451
455
459
463
467
471
475
479
483
487
491
495
499
503
507
511
515
519
523
527
531
535
539
543
547
551
555
559
562
540
539
567
585
549
567
575
560
546
581
572
539
540
555
566
549
532
515
498
481
464
447
430
413
397
380
363
346
329
312
295
278
261
245
228
211
194
177
160
143
126
109
92
76
104
151
124
145
159
164
181
185
222
206
215
212
206
205
205
205
204
204
204
203
203
203
203
202
202
202
201
201
201
200
200
200
200
199
199
199
198
198
198
197
197
201
205
209
212
216
220
224
228
231
235
239
243
247
250
254
258
262
265
269
273
277
281
284
288
292
296
300
303
307
311
461
485
476
452
489
473
486
477
526
528
501
544
541
523
542
526
518
526
545
565
550
526
542
527
517
546
519
511
505
492
488
492
483
478
475
472
461
463
464
439
467
464
461
459
456
453
451
448
446
443
440
438
435
432
430
427
425
422
419
417
414
412
409
406
404
401
398
396
382
362
376
360
379
400
386
413
404
434
421
396
420
458
440
440
444
444
445
445
446
447
447
448
448
449
450
450
451
452
452
453
453
454
455
455
456
456
457
458
458
459
460
460
452
454
477
464
498
461
479
471
487
487
486
507
483
513
489
489
489
489
490
490
490
491
491
491
492
492
492
493
493
493
494
494
494
494
495
495
495
496
496
496
497
497
497
498
498
498
499
499
499
499
500
500
500
501
501
501
502
502
502
503
503
503
504
504
504
505
505
506
506
506
507
507
508
508
508
509
509
510
510
510
511
511
512
512
512
513
513
514
514
514
515
515
516
516
516
517
517
518
518
518
519
519
520
520
520
521
521
522
522
529
537
544
551
559
566
573
581
588
595
603
610
617
625
632
639
646
654
661
668
676
683
690
698
705
712
720
727
734
742
749
756
729
726
788
883
860
818
846
846
848
853
859
865
870
876
882
887
893
899
904
910
916
921
927
933
938
944
950
955
961
967
972
978
984
989
995
1001
1006
1012
1018
1023
1029
1057
814
456
288
113
362
370
393
386
368
404
411
423
401
419
413
394
393
379
382
356
346
351
325
355
357
323
328
337
332
330
327
336
320
321
332
344
311
327
315
311
336
303
328
306
314
312
294
307
300
305
309
305
308
306
320
316
296
294
307
299
278
289
313
308
309
302
317
323
330
337
344
351
358
365
372
379
385
392
399
406
413
420
427
434
441
447
454
461
468
475
482
489
496
503
510
516
315
338
296
353
347
342
336
331
326
320
315
310
304
299
294
288
283
278
272
267
262
256
251
246
240
235
230
224
219
214
208
203
197
192
230
227
219
223
227
254
204
234
221
195
222
213
210
191
195
199
182
187
188
189
184
187
196
196
197
198
199
200
201
202
203
204
205
206
207
208
209
210
211
212
213
214
215
216
217
217
218
219
220
221
222
223
224
225
226
227
228
229
230
231
232
233
234
235
236
237
238
238
239
240
241
242
243
244
245
246
247
248
249
250
251
252
253
254
255
256
257
258
259
259
260
261
262
263
264
265
266
267
268
269
270
271
272
273
274
275
276
277
278
279
280
280
281
282
283
284
285
286
287
288
289
290
291
292
293
294
295
296
297
298
299
300
301
301
302
303
304
305
306
307
308
309
310
311
312
313
314
315
316
317
318
319
320
321
321
322
323
324
325
326
327
328
329
330
331
332
333
334
335
336
349
362
375
388
402
415
428
441
454
467
480
494
507
520
533
546
559
572
586
599
612
625
638
651
665
678
691
704
404
375
392
400
424
410
410
442
411
488
477
457
468
476
461
456
445
456
484
478
493
485
485
484
484
484
484
484
484
484
484
484
484
484
484
483
483
483
483
483
483
483
483
483
483
483
483
483
482
482
482
482
482
482
482
482
481
481
481
481
481
481
481
481
480
480
480
480
480
480
480
480
479
479
479
479
479
479
479
479
479
478
478
478
478
478
478
478
478
477
477
477
477
477
477
477
477
476
476
476
476
476
476
476
476
475
475
475
475
475
475
475
475
475
474
474
474
474
474
474
474
474
473
473
473
473
473
473
473
473
472
472
472
472
472
472
472
472
471
471
471
471
471
471
471
471
471
470
470
470
470
470
470
470
470
469
469
469
469
469
469
469
469
468
468
468
468
468
468
468
468
467
467
467
467
467
467
467
467
467
466
466
466
466
466
466
466
466
465
465
465
465
465
465
465
465
464
464
464
464
464
464
464
464
463
463
463
463
463
463
463
463
463
462
462
462
462
462
462
462
462
461
461
461
461
461
461
461
461
460
460
460
460
460
460
460
460
459
459
459
459
459
459
459
459
459
458
458
458
458
458
458
458
458
457
457
457
457
457
457
457
457
456
456
456
456
456
456
456
456
455
455
455
455
455
455
455
455
455
454
454
454
454
454
454
454
454
453
453
453
453
453
453
453
453
452
452
452
452
452
452
452
452
451
451
451
451
451
451
451
451
451
450
450
450
450
451
451
452
452
453
453
454
454
455
455
456
456
457
457
457
458
458
459
459
460
460
461
461
462
462
463
463
464
464
465
465
466
466
467
467
468
468
469
469
470
470
471
471
472
472
473
473
474
474
475
475
476
476
477
477
478
478
479
479
480
480
481
481
482
482
483
483
484
484
485
485
486
486
487
487
488
488
489
489
490
490
491
491
492
492
493
493
494
494
495
495
496
496
497
497
498
498
499
499
500
500
501
501
502
502
503
503
504
504
505
505
506
506
507
507
508
508
509
509
510
510
511
511
512
512
513
513
514
514
515
515
516
516
517
517
518
518
519
519
520
520
521
521
522
522
523
523
524
524
525
525
526
526
527
527
528
528
529
529
530
530
531
514
510
505
501
496
492
488
483
479
474
470
465
461
457
452
448
443
439
434
427
420
413
406
399
392
385
378
371
364
357
350
343
336
328
321
314
307
300
293
286
279
272
265
258
251
244
237
229
222
91
90
85
95
93
92
91
90
89
87
86
85
84
83
82
80
79
78
77
76
75
73
72
71
70
69
68
66
65
64
63
62
61
59
58
64
470
487
496
519
502
497
523
510
551
549
559
541
560
479
597
600
603
571
561
599
592
581
578
580
568
551
537
543
538
564
548
527
561
556
543
538
539
533
518
525
525
487
517
527
530
529
528
527
526
525
524
523
522
521
521
520
519
518
517
516
515
514
513
512
512
511
510
509
508
507
506
505
504
504
503
467
457
461
461
471
473
472
472
472
471
471
471
470
470
470
469
469
469
468
468
468
468
467
467
467
466
466
466
465
465
465
464
464
464
463
463
463
463
462
462
462
461
461
461
460
460
460
459
459
459
458
458
458
458
457
457
457
456
456
456
455
455
455
454
454
454
453
453
453
453
452
452
452
451
451
451
450
450
450
449
449
449
448
448
463
460
457
454
451
448
445
442
439
436
433
430
427
424
421
418
415
412
409
406
403
400
397
394
391
388
385
382
379
377
374
429
446
94
89
77
271
159
149
104
110
408
110
106
103
101
99
97
95
93
91
89
87
85
82
80
78
76
74
72
70
68
66
64
61
59
57
55
53
51
49
47
45
43
41
57
73
89
105
122
138
154
170
186
203
219
235
251
253
255
257
259
261
263
265
267
269
271
273
275
278
280
282
284
286
288
290
292
294
296
298
300
302
304
306
308
310
312
314
316
318
320
322
324
326
328
330
332
334
336
338
341
343
345
347
349
351
353
355
357
359
361
363
365
367
369
371
373
375
377
379
381
383
385
387
389
391
393
395
397
399
401
403
406
408
410
412
414
416
418
420
422
424
426
428
430
432
434
436
438
440
442
444
446
448
450
452
454
456
458
460
462
464
466
469
471
473
475
477
479
481
483
485
487
489
491
493
495
497
499
501
503
505
507
509
511
513
515
517
519
521
523
525
527
529
532
534
536
538
540
542
544
546
548
550
552
554
556
558
560
562
564
566
568
570
572
574
576
578
580
582
584
586
588
590
592
594
597
599
601
603
605
607
609
611
613
615
617
619
621
623
625
627
629
631
633
635
637
639
641
643
645
647
649
651
653
655
657
660
662
664
666
668
670
672
674
676
678
680
682
684
686
688
690
692
694
696
698
700
702
704
706
708
710
712
714
716
718
720
723
725
727
729
731
733
735
737
739
741
743
745
747
749
749
749
750
750
750
750
751
751
751
751
751
752
752
752
752
753
753
753
753
753
754
754
754
754
755
755
755
755
755
756
756
756
756
757
757
757
757
758
758
758
758
758
759
759
759
759
760
760
760
760
760
761
761
761
761
762
762
762
762
762
763
763
763
763
764
764
764
764
765
765
765
765
765
766
766
766
766
767
767
767
767
767
768
768
768
768
769
769
769
769
769
770
770
770
770
771
771
771
771
772
772
772
772
772
773
773
773
773
774
774
774
774
774
775
775
775
775
776
776
776
776
777
777
777
777
777
778
778
778
778
779
779
779
779
779
780
780
780
780
781
781
781
781
781
782
782
782
782
783
783
783
783
784
784
784
784
784
785
785
785
785
786
786
786
786
786
787
787
787
787
788
788
788
788
788
789
789
789
789
790
790
790
790
791
791
791
791
791
792
792
792
792
793
793
793
793
793
794
794
794
794
795
795
795
795
795
796
796
796
796
797
797
797
797
798
798
798
798
798
799
799
799
799
800
800
800
800
800
801
801
801
801
802
802
802
802
803
803
803
803
803
804
804
804
804
805
805
805
805
805
806
806
806
806
807
807
807
807
807
808
808
808
808
809
809
809
809
810
810
810
810
810
811
811
811
811
812
812
812
812
812
813
813
813
813
814
814
814
814
814
815
815
815
815
816
816
816
816
817
817
817
817
817
818
818
818
818
819
819
819
819
819
820
820
820
820
821
821
821
821
821
822
822
822
822
823
823
823
823
824
824
824
824
824
825
825
825
825
826
826
826
826
826
827
827
827
827
828
828
828
828
829
829
829
829
829
830
830
830
830
831
831
831
831
831
832
832
832
832
833
833
833
833
833
834
834
834
834
835
835
835
835
836
836
836
836
836
837
837
837
837
838
838
838
838
838
839
839
839
839
840
840
840
840
840
841
841
841
841
842
842
842
842
843
843
843
843
843
844
844
844
844
845
845
845
845
845
846
846
846
490
512
472
497
488
504
486
479
485
488
480
486
475
476
474
475
483
474
476
485
468
484
479
482
502
500
498
313
0
0
0
0
0
0
0
41
312
522
582
617
630
628
627
635
644
630
625
615
634
638
618
568
595
582
581
592
612
613
639
634
662
647
678
683
690
683
719
707
702
699
719
718
720
707
725
744
744
748
747
741
746
760
762
722
706
906
733
741
1680
772
788
801
817
1940
1954
1964
1978
1990
1999
2022
1247
2042
2081
2133
2136
2151
1637
2193
2221
2239
2260
2268
2303
2319
2352
2430
925
432
0
0
0
165
779
117
427
1293
2612
2611
2576
2575
2629
2598
2582
2673
2672
2664
2659
2659
2674
2685
2697
2692
2727
2729
2733
2721
2750
2768
2778
2776
2794
2796
2811
2808
2814
2831
2832
