609
609
609
610
610
611
612
613
615
616
618
620
622
624
626
627
628
629
630
630
630
630
630
630
629
629
629
628
628
628
628
628
628
629
631
633
635
639
643
648
653
660
666
673
680
687
694
699
704
708
711
713
714
714
714
714
716
720
729
742
761
786
818
856
898
942
988
1031
1071
1106
1134
1156
1171
1180
1184
1184
1181
1175
1167
1157
1146
1134
1120
1104
1087
1069
1049
1028
1006
983
960
936
912
888
864
839
815
790
766
742
718
695
673
652
633
616
602
591
583
579
579
583
591
601
614
628
643
657
670
680
687
690
689
684
674
661
645
627
609
591
573
557
542
529
518
508
499
490
483
476
469
463
457
451
446
440
435
430
425
420
416
412
408
404
401
398
396
394
391
389
387
386
384
382
380
379
377
375
373
372
370
369
367
366
365
364
363
362
362
361
361
361
362
362
363
364
365
366
367
369
370
371
372
372
372
371
370
368
366
363
360
357
354
351
349
346
344
343
341
341
340
340
339
339
339
339
339
338
338
337
337
336
336
335
334
334
333
333
333
333
333
334
335
337
340
344
348
353
358
364
370
376
381
386
391
395
399
402
405
407
410
411
413
414
414
413
412
411
408
405
402
398
394
390
387
384
381
379
378
376
375
374
373
373
372
372
373
374
376
378
381
384
388
392
397
401
405
409
413
417
420
422
425
427
428
430
431
433
434
435
436
437
438
439
440
440
441
442
442
442
443
443
443
444
444
444
444
445
445
445
445
446
446
446
446
446
447
447
447
447
448
448
448
448
449
449
449
449
449
450
450
450
450
451
451
451
451
452
452
452
452
452
453
453
453
453
454
454
454
454
454
455
455
455
455
456
456
456
456
457
457
457
457
457
458
458
458
458
459
459
459
459
460
460
460
460
460
461
461
461
461
462
462
462
462
463
463
463
463
463
464
464
464
464
464
463
463
462
461
459
456
453
450
446
441
437
432
427
422
418
415
412
410
408
407
407
407
406
406
406
405
403
402
400
397
394
391
388
386
383
381
379
378
377
376
375
374
374
373
373
372
372
371
371
371
371
372
373
374
375
377
378
379
381
383
384
386
387
389
391
392
394
396
398
400
402
405
408
411
415
419
423
428
434
439
444
449
454
457
459
460
460
458
455
452
449
445
442
439
436
433
430
427
423
418
412
406
401
395
390
386
384
382
382
384
386
388
392
396
400
404
409
414
419
424
429
435
441
448
455
462
470
478
486
494
502
509
516
522
528
534
539
544
549
554
559
564
568
573
578
582
586
589
592
594
596
597
597
597
596
594
592
590
587
584
581
578
575
572
570
568
567
566
565
564
563
563
562
561
560
558
557
556
555
554
554
553
552
552
551
551
550
550
550
549
549
549
549
548
548
548
548
547
547
547
546
546
546
546
545
545
545
545
544
544
544
543
543
543
543
542
542
542
542
541
541
541
540
540
540
539
539
538
537
535
533
530
527
522
517
511
504
497
490
483
476
471
466
462
459
457
456
455
456
456
458
459
460
462
464
465
467
469
470
472
474
476
477
479
481
482
484
486
488
489
491
493
494
496
498
500
501
503
505
506
508
510
512
513
515
517
518
520
522
524
525
527
529
530
532
534
535
537
539
541
542
544
546
547
549
551
553
554
556
558
559
561
563
565
566
568
570
571
573
575
577
578
580
582
583
585
587
589
590
592
594
595
597
599
601
602
604
606
607
609
611
613
614
616
617
619
620
621
622
623
623
623
622
621
619
617
614
612
608
605
601
597
593
589
585
580
576
572
568
564
560
556
552
548
545
542
539
537
534
532
531
529
528
527
526
525
525
525
525
525
525
526
526
526
527
527
526
525
524
522
519
515
511
506
501
495
490
484
479
474
471
467
465
464
463
463
464
466
469
472
476
480
484
489
493
498
503
509
514
519
524
529
534
539
543
548
552
555
559
561
563
564
565
566
566
566
566
566
567
567
568
568
568
567
565
564
561
558
555
552
549
546
543
541
540
539
538
537
537
536
536
535
535
535
535
534
534
534
534
534
533
532
531
529
527
525
523
520
517
514
511
508
505
503
501
499
498
498
497
498
498
499
500
502
504
505
507
508
510
511
511
511
511
509
508
506
503
501
498
496
494
492
491
491
491
491
492
493
495
497
498
500
502
504
506
508
510
512
514
516
518
520
523
525
527
529
532
534
536
539
540
542
544
545
546
548
549
550
550
551
552
552
553
553
553
552
551
550
549
547
545
543
541
539
537
535
534
533
532
532
532
532
532
533
533
534
534
535
535
536
536
537
537
537
537
538
537
537
536
536
534
533
532
530
529
527
526
525
525
524
524
524
523
522
521
520
518
515
513
510
507
505
503
501
499
498
497
496
496
496
496
496
496
495
495
494
493
491
490
488
487
486
485
484
483
483
483
484
484
485
485
485
485
485
484
483
482
480
479
477
476
474
473
472
472
471
471
470
470
469
469
468
466
465
463
461
458
456
454
452
450
449
448
447
447
447
447
447
448
449
450
451
452
452
453
454
455
456
457
458
459
460
461
462
464
466
468
471
475
479
483
487
492
496
500
504
507
510
513
515
516
517
517
518
517
517
517
516
516
516
517
518
519
521
524
527
530
534
538
543
548
553
558
564
569
575
580
585
590
595
600
604
607
610
612
613
614
614
613
611
610
609
607
607
607
607
608
609
610
611
612
612
612
611
610
607
605
601
597
593
589
585
581
577
573
570
567
565
564
562
561
561
561
561
562
564
566
570
573
578
584
590
597
604
612
620
628
636
643
651
657
664
669
673
677
680
683
685
686
688
689
689
690
691
692
692
693
694
695
696
697
698
700
703
706
710
715
720
726
733
740
747
753
759
763
766
768
769
769
768
767
766
765
765
766
767
769
771
774
777
780
782
784
785
786
786
785
784
781
778
774
770
765
760
756
752
749
746
744
743
743
743
744
746
748
750
753
756
758
761
763
765
767
767
768
767
766
765
763
761
759
756
754
751
749
746
743
741
738
735
732
730
727
724
722
720
717
714
710
707
702
698
692
687
682
677
672
668
664
661
658
656
654
652
650
649
647
646
644
643
641
640
638
637
635
633
631
629
627
625
623
621
619
617
616
615
615
614
614
614
614
614
614
613
612
611
609
607
604
601
598
595
591
588
584
581
578
575
572
570
568
566
564
562
561
560
559
558
558
559
560
561
563
566
570
574
579
584
590
596
602
608
615
621
627
634
640
647
653
659
665
670
676
681
685
689
692
694
696
697
698
698
698
697
696
694
692
689
686
682
677
671
665
658
651
643
635
627
619
611
603
596
588
581
575
569
563
558
553
549
546
544
542
542
542
543
544
546
548
550
552
554
555
556
557
557
557
556
556
555
555
555
555
555
555
556
557
559
560
562
563
565
567
568
570
572
573
575
577
578
580
582
583
585
586
588
590
591
593
596
599
602
606
611
617
624
633
643
654
667
681
696
711
725
739
751
762
771
779
785
791
796
802
809
817
826
837
849
864
881
899
921
944
968
994
1018
1041
1061
1076
1087
1094
1096
1095
1093
1091
1092
1096
1104
1118
1136
1157
1181
1204
1224
1241
1252
1256
1255
1248
1237
1223
1208
1191
1173
1154
1133
1111
1088
1062
1036
1010
986
963
943
926
911
899
888
879
870
861
852
844
837
832
828
827
827
829
832
835
837
839
838
835
831
824
817
809
801
793
786
780
775
770
766
763
759
756
753
750
747
744
741
738
735
733
731
728
726
724
722
720
718
715
712
709
706
702
698
694
689
685
680
675
671
667
663
660
657
655
654
652
651
650
650
649
648
647
647
646
646
646
645
645
645
645
645
645
645
645
645
645
644
644
644
644
643
643
643
643
643
642
642
642
642
641
641
641
640
639
639
638
637
635
634
632
630
628
626
623
620
617
614
610
606
602
598
593
589
584
580
576
572
568
565
562
559
556
554
552
549
547
545
543
541
539
538
536
534
532
530
528
527
525
523
522
521
520
520
520
521
522
524
526
528
531
532
534
534
534
532
530
526
521
516
511
505
500
494
489
484
479
474
470
465
460
456
451
447
443
438
434
431
427
424
422
420
419
418
418
419
421
423
425
428
431
434
438
442
445
449
454
458
462
467
471
476
480
485
488
492
495
498
501
503
505
507
508
509
510
511
512
513
515
516
518
520
523
526
530
534
539
545
550
557
563
569
576
583
590
597
604
611
618
626
634
642
650
658
665
672
678
682
686
688
689
689
689
688
687
686
686
686
686
687
688
689
690
692
693
695
697
699
701
703
704
706
708
710
712
713
715
717
720
722
725
729
734
740
747
754
762
769
776
783
788
792
796
799
802
804
807
809
812
815
818
820
822
823
825
825
826
826
826
825
824
822
819
817
813
810
807
805
804
804
805
808
812
817
822
826
829
829
827
822
814
805
794
783
773
764
757
752
749
747
748
749
751
754
756
757
757
755
752
748
742
736
730
724
718
714
710
708
707
706
707
708
709
711
714
716
720
723
727
731
735
739
743
747
751
755
759
763
767
772
777
782
787
792
798
803
809
815
820
826
832
837
843
848
853
858
862
865
868
871
872
874
875
876
877
879
881
884
888
893
898
904
911
917
923
929
934
938
941
944
945
946
946
946
946
945
944
944
943
942
941
940
939
937
935
933
930
926
921
915
908
899
889
877
865
851
837
822
807
792
778
763
750
736
724
711
698
686
674
662
650
638
626
614
601
589
577
565
553
541
530
518
507
496
485
476
467
460
454
450
447
447
449
452
457
464
472
480
489
498
507
516
524
533
541
549
557
565
572
580
587
594
602
609
616
622
629
634
639
643
646
648
648
646
643
639
633
627
620
612
605
597
590
583
577
571
564
558
552
546
539
533
525
518
511
503
496
489
482
476
471
467
464
462
460
458
456
455
453
450
448
445
442
440
438
436
435
434
434
435
436
438
441
445
449
455
461
467
475
483
491
499
508
517
526
535
544
553
562
571
579
587
595
603
610
617
623
629
635
640
646
651
657
664
670
678
687
697
708
721
736
753
771
791
811
831
849
864
876
884
887
886
882
873
862
849
834
819
804
789
776
764
752
743
734
726
719
712
706
700
695
690
687
686
686
689
693
700
708
717
727
737
746
754
759
763
764
763
760
756
750
745
740
736
733
732
732
734
737
741
745
750
755
760
764
768
771
773
774
774
773
771
768
765
761
758
754
751
749
747
746
744
743
742
741
739
737
735
732
729
727
725
723
721
720
719
719
718
718
718
718
718
718
718
718
717
717
716
716
716
715
715
715
715
715
716
716
716
716
716
716
716
717
717
718
719
721
722
724
726
728
730
732
735
737
739
742
744
746
749
751
753
756
758
760
762
763
765
766
767
768
768
769
769
770
771
772
774
777
780
784
788
792
796
799
801
803
803
803
802
800
797
794
791
787
783
779
775
771
766
762
757
752
747
742
737
733
729
725
721
719
716
714
712
710
709
707
706
704
703
702
701
700
700
699
700
700
701
703
704
706
709
711
714
717
720
724
728
733
738
743
749
756
764
773
782
792
803
814
825
837
848
858
868
877
886
894
902
910
918
926
935
945
955
966
977
988
999
1009
1018
1027
1034
1040
1045
1049
1052
1055
1057
1059
1061
1064
1066
1069
1072
1076
1080
1084
1089
1094
1100
1105
1111
1117
1122
1128
1133
1138
1143
1147
1151
1154
1156
1158
1158
1158
1157
1156
1154
1152
1149
1146
1143
1139
1135
1132
1128
1124
1121
1119
1117
1116
1115
1115
1116
1117
1119
1121
1123
1126
1128
1130
1132
1134
1136
1138
1139
1141
1143
1144
1145
1146
1147
1148
1148
1148
1147
1147
1147
1147
1148
1149
1151
1154
1157
1161
1165
1169
1172
1175
1177
1178
1179
1178
1176
1174
1171
1168
1165
1162
1159
1156
1154
1151
1149
1147
1145
1144
1143
1142
1141
1141
1141
1141
1142
1143
1144
1146
1148
1152
1155
1160
1164
1170
1175
1179
1184
1188
1191
1193
1195
1196
1197
1198
1198
1199
1200
1200
1201
1203
1204
1206
1208
1210
1213
1215
1218
1220
1222
1225
1226
1228
1230
1231
1231
1231
1231
1230
1228
1225
1222
1218
1214
1209
1204
1199
1194
1190
1186
1182
1179
1177
1176
1175
1175
1176
1178
1180
1183
1187
1191
1195
1200
1205
1209
1212
1213
1213
1210
1204
1196
1184
1169
1152
1131
1109
1085
1059
1032
1004
975
947
917
888
859
830
801
773
745
718
693
669
646
626
607
592
579
568
561
555
552
550
550
550
551
551
552
552
552
550
549
546
544
541
537
534
530
526
523
519
515
511
507
504
500
496
493
489
486
483
480
478
476
475
474
474
474
475
476
477
478
478
478
478
478
477
476
475
474
473
472
471
470
470
470
469
469
469
469
469
469
469
469
469
469
469
469
469
469
469
470
471
472
473
475
477
479
482
485
487
489
491
493
494
494
493
492
491
489
487
484
482
479
477
474
472
470
468
466
465
464
463
462
461
461
460
460
459
458
457
455
454
452
450
448
446
444
442
440
438
436
433
431
429
427
425
424
422
421
420
420
419
420
420
421
422
423
424
425
425
424
423
421
418
415
411
407
402
397
392
387
381
376
370
365
359
354
348
343
338
333
328
323
319
315
312
310
308
307
306
307
307
309
310
312
314
315
316
317
317
317
317
316
314
312
310
307
305
302
299
296
294
291
289
287
285
282
280
278
276
274
272
269
267
264
262
260
258
256
255
254
253
253
254
254
255
256
257
259
260
262
264
267
270
273
278
283
288
294
301
308
315
322
329
335
341
346
350
354
357
360
362
364
366
367
369
371
372
374
375
376
378
380
381
384
386
389
392
397
402
409
417
427
438
450
462
476
488
500
511
519
525
529
530
529
526
522
516
509
502
495
488
481
474
468
463
458
453
449
446
442
440
438
436
435
434
433
433
434
435
436
437
439
441
443
444
446
448
450
451
452
453
454
454
455
457
458
461
464
468
472
478
484
490
497
504
512
520
528
536
543
551
559
567
575
583
590
598
605
611
617
623
628
633
638
642
646
650
654
659
664
669
675
681
688
694
701
708
714
719
725
729
733
736
738
740
741
742
744
745
747
748
750
753
755
758
761
763
765
767
767
767
767
765
763
761
757
754
750
746
741
737
732
728
723
718
713
708
703
698
693
687
682
677
672
667
664
660
658
656
656
656
658
660
663
666
669
672
674
676
676
676
675
673
670
666
662
658
653
649
644
640
635
631
627
624
620
616
613
610
607
604
601
598
595
591
588
585
582
579
576
573
570
567
564
561
558
555
551
548
545
542
539
536
533
530
527
524
520
517
514
511
508
505
502
499
496
493
490
487
484
482
480
478
477
477
478
480
483
487
493
499
505
511
517
522
525
526
525
523
519
513
507
499
492
485
477
470
464
458
452
447
442
437
433
429
426
422
419
416
414
411
409
406
404
401
399
397
395
393
390
389
387
385
384
383
383
384
385
386
389
392
396
400
405
410
416
421
426
431
435
439
442
445
446
448
449
450
451
452
453
454
456
458
460
463
466
468
471
474
477
481
484
487
490
493
497
500
503
507
511
514
518
522
526
530
534
537
540
543
545
547
548
548
549
549
548
547
546
544
542
540
536
533
528
523
518
512
505
498
491
484
476
468
460
452
444
436
428
420
412
404
396
389
381
375
369
363
360
357
356
357
360
364
371
379
389
399
410
420
430
438
445
450
453
454
453
451
447
443
439
434
430
426
422
419
416
414
413
411
410
410
410
410
411
412
413
414
416
417
417
418
418
418
417
416
415
414
412
410
407
405
403
401
400
399
398
399
399
400
401
401
402
401
401
399
398
395
392
389
386
383
380
378
376
374
372
371
370
369
368
367
367
366
366
366
366
366
366
366
367
369
371
374
378
383
389
395
403
411
420
428
437
445
453
459
466
470
474
477
478
479
478
475
472
468
463
457
451
444
437
431
425
419
413
408
403
400
397
395
393
393
393
394
395
396
398
400
401
402
404
405
406
407
408
410
412
415
417
420
424
427
430
433
436
438
440
442
443
444
445
446
447
448
449
451
453
455
457
461
464
468
472
476
480
483
487
489
492
494
496
498
500
502
504
507
511
515
520
526
533
541
549
559
568
578
589
599
610
621
633
644
655
666
678
690
702
714
727
740
754
769
784
800
817
834
851
868
884
899
914
926
937
945
952
956
958
958
955
951
946
939
932
924
916
909
901
895
889
884
879
876
873
871
870
868
867
866
866
865
864
863
862
862
862
862
862
863
863
865
866
868
870
871
873
875
876
876
876
876
875
874
873
872
872
873
875
879
883
890
897
906
915
925
935
945
954
963
972
980
987
994
1000
1006
1012
1017
1022
1028
1033
1038
1043
1048
1053
1058
1064
1069
1074
1079
1084
1089
1095
1100
1105
1110
1115
1120
1125
1128
1131
1133
1134
1134
1131
1127
1121
1113
1103
1091
1077
1062
1045
1028
1009
990
970
950
929
909
888
867
847
826
806
786
766
747
729
711
694
679
664
650
636
622
608
593
578
561
544
525
506
488
469
452
437
423
412
402
394
388
383
380
377
375
374
373
372
372
372
373
374
376
377
379
380
382
383
384
385
385
386
387
387
389
391
393
396
400
404
409
414
420
427
434
442
452
462
473
486
500
515
532
550
569
590
611
633
655
678
702
725
748
771
794
816
837
858
877
895
912
927
941
953
964
973
982
989
996
1002
1008
1014
1019
1024
1029
1034
1039
1044
1049
1054
1059
1064
1069
1075
1080
1086
1093
1100
1108
1118
1129
1142
1158
1175
1195
1217
1240
1265
1291
1316
1341
1365
1388
1409
1428
1446
1461
1475
1487
1498
1507
1515
1522
1527
1532
1535
1537
1539
1539
1539
1537
1535
1533
1530
1527
1523
1519
1515
1511
1506
1501
1495
1488
1480
1471
1461
1450
1438
1425
1411
1396
1381
1364
1348
1331
1314
1297
1280
1263
1245
1228
1211
1193
1176
1158
1141
1124
1106
1089
1072
1054
1037
1020
1002
985
967
950
933
915
898
881
864
846
829
813
796
780
765
749
735
721
707
694
681
668
655
642
628
615
602
589
576
563
552
541
530
520
511
502
493
485
476
468
460
453
445
437
429
421
414
406
399
393
386
380
375
371
367
364
362
361
361
361
362
363
364
366
368
370
371
373
374
375
376
376
377
377
377
376
376
376
375
375
374
374
373
373
372
372
371
371
370
370
370
369
369
369
369
369
369
370
371
373
374
376
378
380
381
383
383
383
383
381
379
377
373
370
366
362
359
355
352
349
346
344
343
342
341
340
340
340
340
341
342
342
343
345
346
347
348
350
351
352
354
355
356
357
358
359
360
361
361
362
363
363
364
365
365
365
366
366
366
366
367
367
368
369
370
372
374
376
379
381
384
386
388
390
391
392
392
392
392
391
390
390
389
388
386
385
384
383
381
379
378
376
375
373
372
371
371
371
371
372
373
375
377
379
381
383
385
387
389
390
390
390
390
389
388
386
384
382
379
377
374
371
368
365
363
360
357
354
352
349
347
345
344
343
342
343
344
346
348
351
354
357
360
364
367
369
371
372
373
372
372
370
368
366
363
360
356
353
349
345
340
336
331
327
323
320
317
316
315
316
318
321
325
329
335
341
347
354
360
367
374
381
389
396
403
410
417
424
431
438
445
452
459
466
474
481
488
495
502
509
516
523
530
537
544
551
559
566
573
580
587
594
601
608
615
622
629
637
644
651
658
666
673
680
686
692
697
700
701
699
694
686
673
657
639
618
596
575
554
534
516
500
487
475
464
454
445
437
428
420
411
403
394
386
378
370
363
357
351
347
343
340
338
337
336
335
335
334
334
335
335
335
335
335
335
336
336
336
336
337
337
337
337
337
337
337
337
336
337
337
338
340
343
347
352
358
366
374
383
391
400
409
416
423
429
434
438
441
444
447
450
452
454
457
460
463
466
469
472
475
477
480
481
483
483
483
483
482
480
478
475
473
469
466
462
459
455
451
448
444
440
437
434
431
428
426
424
422
421
420
420
420
421
422
423
425
426
428
430
432
434
436
438
440
443
445
447
450
452
455
458
461
464
468
471
475
479
483
487
491
495
499
503
507
511
516
520
524
528
532
536
539
542
545
547
548
549
548
547
545
542
539
536
532
529
526
523
521
519
516
514
511
508
504
501
496
492
488
483
479
475
472
469
467
465
463
462
461
461
461
460
460
460
461
461
461
461
461
461
461
462
462
462
462
462
462
462
463
463
463
463
463
463
464
464
464
464
464
464
465
465
465
465
465
465
465
466
466
466
466
466
466
467
467
467
467
467
467
468
468
468
468
468
468
468
469
469
469
469
469
469
470
470
470
470
470
470
470
471
471
471
471
471
471
472
472
472
472
472
472
473
473
473
473
473
473
473
474
474
474
474
474
474
475
475
475
475
475
475
476
476
476
476
476
476
476
477
477
477
477
477
477
478
478
478
478
478
478
478
479
479
479
479
479
479
480
480
480
480
480
480
481
481
481
481
481
481
481
482
482
482
482
482
482
483
483
483
483
483
483
484
484
484
484
484
484
484
485
485
485
485
485
485
486
486
486
486
486
486
487
487
487
487
487
487
487
488
488
488
488
488
488
489
489
489
489
489
489
489
490
490
490
490
490
490
491
491
491
491
491
491
492
492
492
492
492
492
493
493
493
493
493
494
494
495
495
496
497
498
500
501
502
503
504
505
505
504
504
503
501
500
498
497
495
494
493
492
491
491
490
490
490
491
491
491
491
492
492
493
493
494
494
495
495
495
496
496
497
497
498
498
499
499
499
500
500
501
501
502
502
503
503
503
504
504
505
505
506
506
507
507
507
508
508
509
509
510
510
511
511
511
512
512
513
513
514
514
514
515
515
515
514
514
512
511
509
506
502
498
493
488
482
476
470
464
458
452
446
441
435
430
424
419
414
409
403
398
393
387
382
376
370
364
358
352
346
340
334
330
326
323
322
322
323
326
329
332
335
338
341
342
343
343
342
340
338
335
332
330
328
326
325
325
325
326
327
329
331
334
337
340
343
346
350
353
356
360
363
366
369
372
375
378
381
384
386
389
391
394
397
399
402
405
408
410
412
414
415
415
414
413
411
408
404
400
396
391
386
381
376
371
366
360
355
350
345
340
335
330
326
322
319
316
313
312
311
310
310
311
312
313
315
317
319
322
324
327
329
332
334
337
340
343
346
349
352
356
360
364
369
374
380
387
394
401
408
414
421
426
432
436
439
442
445
446
448
449
449
450
450
451
451
451
452
452
452
453
453
453
454
454
454
454
455
455
455
456
456
456
457
457
457
458
458
458
458
459
459
459
460
460
460
461
461
461
461
462
462
462
463
463
463
464
464
464
465
465
465
465
466
466
466
467
467
467
468
468
468
469
469
469
469
470
470
470
471
471
471
472
472
472
473
473
473
473
474
474
474
475
475
475
476
476
476
476
477
477
477
478
478
478
479
479
479
480
480
480
480
481
481
481
482
482
482
483
483
483
483
484
484
484
484
484
483
483
482
481
479
477
474
471
469
466
463
461
460
460
460
461
463
465
467
469
471
473
474
475
475
476
476
477
479
481
484
488
492
498
504
510
515
521
525
528
530
531
529
526
522
517
511
504
497
489
481
473
465
457
448
440
432
424
416
408
400
393
387
381
377
374
373
374
376
381
389
398
408
420
433
446
460
472
483
494
502
510
515
520
523
526
527
529
530
530
531
532
533
534
534
535
536
537
538
538
538
537
535
533
529
525
519
512
505
496
487
477
467
456
446
435
424
413
401
390
379
368
357
346
336
326
317
308
301
296
292
291
293
298
306
318
334
352
374
398
424
452
479
507
532
555
575
589
599
603
603
598
590
580
569
558
547
537
528
520
513
507
501
496
491
486
482
478
474
470
467
465
463
461
461
461
461
462
464
465
467
469
471
472
474
476
477
478
479
479
480
480
479
479
478
477
476
475
473
472
471
469
468
466
465
464
463
462
462
463
464
466
468
472
477
482
488
495
502
510
517
524
531
538
544
551
556
562
566
570
574
577
578
579
580
579
579
577
576
575
574
573
573
574
575
577
580
583
586
589
591
593
594
595
595
596
596
597
600
604
610
619
630
644
660
678
696
714
730
742
750
753
751
745
736
724
711
699
687
676
668
661
656
652
649
647
645
644
644
643
642
642
641
640
640
639
639
638
638
637
636
636
635
635
634
634
633
633
632
631
631
630
630
629
629
628
628
627
626
626
625
625
624
624
623
623
622
621
621
620
620
619
619
618
618
617
616
616
615
615
614
614
613
613
612
611
611
610
610
609
609
608
608
607
606
606
605
605
604
604
603
603
602
601
601
600
600
599
599
598
598
597
596
596
595
595
594
594
593
593
592
591
591
590
590
589
589
588
588
587
586
586
585
585
584
584
583
583
582
581
581
580
580
579
579
578
578
577
577
577
576
576
575
575
573
572
569
565
561
555
548
541
533
525
517
509
502
494
488
481
475
468
462
455
449
443
436
430
425
420
415
411
408
405
402
400
398
397
395
394
393
391
390
389
388
386
385
384
383
382
381
380
381
381
383
386
389
393
399
404
411
418
425
432
438
445
450
456
460
464
468
471
474
476
479
481
483
485
486
488
490
492
494
496
498
500
503
505
509
513
517
522
528
534
541
549
557
566
575
584
594
603
612
620
627
632
635
635
633
629
624
616
608
600
591
583
576
569
563
557
551
546
541
536
532
527
522
517
513
508
503
498
493
489
484
480
477
473
471
469
467
466
466
466
466
466
466
466
466
465
463
461
458
454
450
445
440
434
428
421
414
407
401
394
387
380
373
367
361
356
352
349
347
348
351
356
364
375
388
404
423
444
466
490
516
542
571
602
634
669
706
745
784
823
861
895
926
952
973
989
1000
1008
1013
1015
1014
1013
1010
1006
1000
993
985
973
959
942
922
898
871
842
812
781
751
724
700
679
663
651
642
637
634
633
633
634
634
634
634
633
631
628
625
622
618
614
610
606
601
596
591
586
580
574
567
561
554
547
540
533
526
519
511
504
497
490
483
477
471
466
461
458
456
456
458
462
468
477
489
503
521
541
564
588
614
640
664
687
707
724
738
749
758
765
770
774
775
773
769
760
747
731
711
690
668
647
626
607
591
576
564
553
543
535
527
520
513
507
501
495
489
484
479
474
471
468
466
465
465
466
467
469
471
473
475
477
478
479
479
479
479
478
478
477
476
475
474
474
473
472
471
470
469
467
466
463
460
457
453
449
444
439
434
429
423
418
413
408
402
397
392
387
382
377
372
367
362
357
352
347
342
337
332
328
323
319
314
311
307
305
303
301
301
301
302
304
306
309
313
317
321
326
330
334
338
342
345
349
351
354
356
359
361
363
365
367
370
372
374
377
379
382
384
387
390
392
395
398
401
404
407
410
412
415
417
418
420
421
422
422
422
423
423
423
423
423
423
423
423
423
423
424
425
427
429
432
435
440
446
452
459
466
474
482
490
497
504
510
516
520
523
525
525
524
521
518
512
506
499
492
484
476
468
460
453
447
441
435
431
426
422
418
414
410
407
405
403
402
401
401
403
405
408
412
416
421
426
432
438
444
450
455
461
466
471
476
481
485
489
492
496
498
501
503
504
506
506
507
507
507
507
506
506
505
504
504
504
503
503
503
503
504
504
505
505
506
507
509
511
513
515
518
522
525
529
532
535
538
541
543
544
546
547
547
548
548
548
548
548
548
548
548
548
548
549
549
549
550
551
552
554
556
558
562
566
570
576
582
588
595
602
609
615
622
628
634
638
642
645
647
647
647
646
645
643
641
639
638
636
635
635
636
637
640
643
648
653
659
666
674
682
691
701
710
720
730
741
751
761
771
782
792
802
813
823
834
845
857
869
883
899
917
938
964
993
1028
1068
1112
1160
1212
1265
1318
1370
1419
1464
1504
1540
1570
1595
1615
1630
1640
1646
1647
1645
1640
1632
1622
1611
1599
1586
1572
1559
1547
1535
1523
1513
1503
1494
1487
1481
1475
1471
1468
1466
1465
1465
1466
1467
1469
1471
1473
1476
1479
1482
1485
1488
1492
1495
1499
1503
1508
1512
1517
1523
1529
1535
1542
1550
1559
1569
1579
1591
1603
1617
1630
1645
1660
1675
1690
1705
1720
1735
1749
1763
1776
1789
1801
1812
1821
1830
1837
1843
1848
1852
1855
1857
1858
1859
1860
1860
1860
1860
1859
1859
1859
1858
1858
1859
1859
1859
1860
1860
1860
1860
1860
1859
1857
1855
1852
1850
1846
1843
1841
1838
1837
1836
1836
1837
1840
1843
1848
1853
1860
1867
1875
1883
1891
1898
1904
1909
1913
1915
1917
1917
1917
1916
1915
1913
1912
1910
1909
1907
1906
1905
1904
1903
1902
1901
1901
1900
1900
1899
1900
1900
1901
1902
1904
1905
1906
1907
1905
1902
1895
1885
1871
1852
1829
1801
1769
1734
1695
1654
1610
1566
1520
1474
1427
1380
1333
1286
1238
1191
1143
1096
1048
1001
953
906
859
812
765
718
672
627
584
542
502
465
432
402
377
356
340
328
319
313
309
307
305
304
302
300
298
295
291
288
284
280
276
272
268
264
260
256
252
248
244
240
235
231
227
223
219
215
212
208
204
201
198
197
196
197
199
204
211
221
233
248
265
283
300
317
331
342
349
351
350
344
336
326
314
303
292
282
274
267
263
259
257
256
257
258
261
264
267
271
276
280
285
290
295
300
305
310
315
320
324
328
332
336
339
341
343
345
346
347
348
350
352
355
359
365
371
379
388
399
411
425
439
455
471
488
504
520
535
550
564
578
592
605
618
630
641
650
657
660
661
659
655
649
642
635
628
621
615
609
604
600
595
592
588
584
581
577
573
569
566
563
560
558
557
558
561
566
573
582
593
603
613
622
629
633
635
634
630
625
619
613
608
604
602
601
602
604
607
609
611
611
609
606
602
597
591
585
579
574
570
566
563
561
559
557
556
554
553
552
551
550
549
548
547
546
545
544
543
542
541
540
539
538
537
536
535
534
533
532
531
530
529
527
526
525
524
523
522
521
520
519
518
517
516
515
514
513
512
511
510
509
508
507
506
505
504
503
502
501
500
499
498
497
496
495
494
493
492
491
490
489
488
486
485
484
483
482
481
480
479
478
477
476
475
474
473
472
471
470
469
468
467
466
465
464
463
462
461
460
459
458
457
456
455
454
453
452
451
450
449
448
447
445
444
443
442
441
440
439
438
437
436
435
435
434
433
432
432
431
431
431
431
431
432
432
433
433
434
435
436
437
438
439
440
441
442
443
444
445
446
446
447
448
449
450
451
452
453
454
455
456
457
458
459
460
461
462
463
464
465
466
467
468
469
470
471
472
473
474
475
476
477
478
479
480
480
481
482
483
484
485
486
486
487
487
486
485
484
482
480
478
475
473
470
468
466
465
465
465
465
466
467
468
469
470
470
470
469
469
467
466
464
461
459
455
452
449
445
441
437
433
429
424
420
416
412
408
405
401
398
396
394
393
393
394
396
399
403
408
414
420
426
432
438
443
448
451
454
457
458
459
459
459
459
458
458
457
456
455
454
453
452
451
451
450
450
451
451
453
454
457
460
464
468
472
477
481
485
489
492
495
497
499
500
501
501
502
502
502
502
502
502
502
502
502
501
501
501
500
500
499
497
495
493
489
485
480
474
467
459
451
441
431
421
410
398
387
375
364
352
340
328
316
305
293
282
270
260
249
239
231
223
216
210
205
202
200
199
200
201
203
205
208
212
215
219
223
227
231
235
239
243
247
250
253
255
257
258
258
257
255
252
249
245
241
237
234
231
229
228
227
226
225
224
222
220
218
216
214
212
211
210
210
210
212
214
217
220
224
228
233
237
241
246
250
254
257
260
263
266
268
269
271
272
273
273
274
274
275
275
275
275
276
276
276
276
276
277
277
277
277
277
278
278
278
278
278
279
279
279
279
279
279
280
280
280
280
280
281
281
281
281
281
282
282
282
282
282
283
283
283
283
283
284
284
284
284
284
285
285
285
285
285
285
286
286
286
286
287
287
287
288
288
289
290
292
294
296
300
304
308
314
320
326
333
340
347
355
362
369
376
382
388
393
398
402
405
408
410
411
411
411
410
408
406
403
399
395
391
386
381
375
370
364
358
352
346
340
334
328
322
316
310
305
300
295
290
287
285
284
285
288
293
301
310
322
336
351
367
384
401
417
432
447
460
471
480
488
494
497
499
500
498
496
493
489
484
479
473
467
462
456
450
443
437
432
426
420
415
410
406
403
400
398
398
398
399
402
405
410
414
419
424
429
434
438
441
444
446
446
446
445
443
441
438
434
430
426
421
417
412
407
402
397
391
384
376
368
359
350
339
328
317
305
293
281
268
255
243
230
218
205
193
181
169
157
147
137
129
123
119
118
119
122
128
137
146
157
167
177
187
194
201
205
208
210
211
211
210
208
207
205
204
202
200
199
198
197
197
197
199
201
205
210
216
224
234
245
257
270
284
299
314
330
346
362
378
395
411
427
444
460
476
491
506
520
534
547
559
569
579
589
597
606
615
624
634
645
656
668
681
693
705
715
725
732
736
738
738
735
729
720
709
696
681
665
646
627
607
586
565
543
521
499
477
454
432
410
388
367
346
325
306
287
270
255
242
230
221
215
210
208
208
209
212
216
221
226
232
239
245
252
258
265
272
278
285
292
299
305
312
319
325
332
339
345
351
357
362
367
371
374
376
378
379
379
378
377
376
374
372
369
367
365
362
359
357
354
351
348
345
342
340
337
334
331
329
326
324
322
320
319
319
319
320
321
324
327
330
335
340
345
350
356
361
366
372
376
380
384
387
390
392
393
394
394
394
393
392
390
389
387
385
382
380
377
373
370
366
361
357
352
347
342
336
331
325
320
314
309
303
298
292
287
282
278
274
270
268
266
266
267
270
274
280
288
297
308
319
332
344
357
369
380
391
400
409
416
422
426
429
432
433
433
433
432
430
427
424
420
416
411
406
401
395
390
384
378
372
367
361
355
349
344
338
333
329
325
321
319
318
318
319
322
326
331
337
344
352
359
367
375
382
389
396
402
407
412
416
420
424
427
430
433
435
437
439
440
440
440
440
439
438
436
433
430
427
423
420
416
412
408
404
400
396
392
388
384
381
377
374
371
369
368
368
368
370
372
375
380
384
390
396
401
407
413
419
424
430
434
438
442
445
446
446
446
444
440
436
431
424
418
411
404
397
390
384
378
372
367
362
358
355
351
349
346
344
343
341
340
339
338
337
336
335
334
333
333
332
332
332
332
333
334
336
338
341
344
348
352
357
362
368
374
380
386
392
399
404
410
415
419
422
424
426
426
426
424
422
419
415
411
406
400
395
389
382
376
369
363
356
350
343
337
330
324
317
312
306
301
297
293
291
290
290
292
294
298
303
307
313
318
322
326
329
332
334
335
336
337
337
337
337
337
337
336
336
336
336
336
337
337
338
339
340
342
344
346
348
350
351
352
353
353
352
350
347
343
339
334
328
321
315
308
302
296
291
286
282
278
275
273
271
269
268
267
266
266
266
267
268
270
272
275
278
282
286
290
294
299
304
309
314
319
324
329
334
339
344
349
354
359
365
370
376
382
388
394
401
409
418
428
439
452
465
478
491
502
511
518
521
521
517
511
502
492
481
470
460
451
442
435
428
422
416
411
406
402
397
392
388
383
379
375
370
366
362
357
353
350
347
344
342
342
342
344
348
353
360
368
378
389
400
412
423
434
445
454
463
471
477
483
488
493
496
499
501
503
504
504
503
502
500
497
494
491
487
482
477
472
467
462
457
453
448
444
441
439
437
436
435
436
437
439
441
444
447
451
455
459
464
470
476
483
490
499
509
519
529
539
549
558
565
572
577
580
583
585
587
588
590
593
596
602
609
617
628
641
655
672
692
715
741
771
804
840
878
917
956
994
1029
1060
1087
1109
1125
1137
1145
1150
1151
1151
1149
1145
1140
1134
1126
1116
1103
1086
1065
1040
1009
974
936
894
852
810
772
738
711
692
679
675
676
684
697
713
732
752
774
797
820
844
868
892
916
940
964
988
1012
1036
1060
1084
1108
1132
1156
1180
1204
1228
1252
1276
1300
1324
1348
1372
1396
1419
1442
1465
1487
1507
1526
1544
1558
1570
1579
1583
1583
1579
1569
1555
1535
1511
1482
1449
1413
1373
1332
1289
1244
1198
1152
1105
1058
1010
963
915
868
821
773
727
681
635
591
549
508
471
436
406
379
357
340
327
317
311
308
308
308
310
312
314
316
318
320
321
321
322
322
322
322
321
321
320
320
319
319
318
318
317
317
316
316
316
316
316
318
320
324
329
337
347
359
375
395
418
444
475
511
552
597
649
705
765
828
892
954
1013
1065
1109
1141
1162
1168
1161
1139
1103
1057
1001
939
874
811
750
696
650
613
584
563
550
542
538
537
537
536
535
531
527
521
515
509
503
500
498
499
503
509
517
527
539
553
567
583
600
616
633
650
667
684
704
726
754
788
831
883
944
1013
1087
1165
1242
1316
1384
1444
1494
1535
1567
1591
1608
1620
1629
1635
1639
1642
1644
1646
1647
1648
1650
1651
1652
1653
1655
1656
1657
1658
1660
1661
1662
1663
1664
1666
1667
1668
1669
1671
1672
1673
1674
1676
1677
1678
1679
1680
1682
1683
1684
1685
1687
1688
1689
1690
1691
1693
1694
1695
1696
1698
1699
1700
1701
1702
1704
1705
1706
1707
1709
1710
1711
1712
1713
1715
1716
1717
1718
1720
1721
1722
1723
1725
1726
1727
1728
1729
1731
1732
1733
1734
1736
1737
1738
1739
1740
1742
1743
1744
1745
1747
1748
1749
1750
1751
1753
1754
1755
1756
1758
1759
1760
1761
1763
1764
1765
1766
1767
1769
1770
1771
1772
1774
1775
1776
1777
1778
1780
1781
1782
1783
1785
1786
1787
1788
1789
1791
1792
1793
1794
1796
1797
1798
1799
1800
1802
1803
1804
1805
1807
1808
1809
1810
1812
1813
1814
1815
1816
1818
1819
1820
1821
1823
1824
1825
1826
1828
1829
1830
1831
1833
1834
1835
1837
1838
1840
1841
1843
1845
1846
1848
1850
1851
1853
1855
1857
1858
1860
1862
1864
1865
1867
1869
1871
1872
1874
1876
1878
1879
1881
1883
1885
1886
1888
1890
1892
1893
1895
1897
1899
1900
1902
1904
1906
1907
1909
1911
1913
1914
1916
1918
1920
1921
1923
1925
1927
1928
1930
1932
1934
1935
1937
1939
1941
1942
1944
1946
1948
1949
1951
1953
1955
1956
1958
1960
1962
1963
1965
1967
1969
1970
1972
1974
1976
1977
1979
1981
1983
1984
1986
1988
1990
1991
1993
1995
1997
1998
2000
2002
2003
2005
2006
2008
2009
2010
2011
2011
2012
2012
2012
2011
2011
2010
2009
2008
2007
2006
2005
2003
2002
2001
2000
1998
1997
1996
1995
1993
1992
1991
1989
1988
1987
1986
1984
1983
1982
1980
1979
1978
1977
1975
1974
1973
1971
1970
1969
1968
1966
1965
1964
1962
1961
1960
1959
1957
1956
1955
1953
1952
1951
1950
1948
1947
1946
1944
1943
1942
1941
1939
1938
1937
1935
1934
1933
1932
1930
1929
1928
1926
1925
1924
1923
1921
1920
1919
1917
1916
1915
1914
1912
1911
1910
1908
1907
1906
1905
1903
1902
1901
1899
1898
1897
1896
1894
1893
1892
1890
1889
1888
1887
1885
1884
1883
1881
1880
1879
1878
1876
1875
1874
1872
1871
1870
1869
1867
1866
1865
1863
1862
1861
1860
1858
1857
1856
1854
1853
1852
1851
1849
1848
1847
1845
1844
1843
1842
1840
1839
1838
1836
1835
1834
1833
1831
1830
1829
1827
1826
1825
1824
1822
1821
1820
1818
1817
1816
1815
1813
1812
1811
1809
1808
1807
1806
1804
1803
1802
1800
1799
1798
1797
1795
1794
1793
1791
1790
1789
1788
1786
1785
1784
1782
1781
1780
1779
1777
1776
1775
1773
1772
1771
1770
1768
1767
1766
1764
1763
1762
1761
1759
1758
1757
1755
1754
1753
1752
1750
1749
1748
1746
1745
1744
1743
1741
1740
1739
1737
1736
1735
1734
1732
1731
1730
1728
1727
1726
1725
1723
1722
1721
1719
1718
1717
1716
1714
1713
1712
1710
1709
1708
1707
1705
1704
1703
1701
1700
1699
1698
1696
1695
1693
1692
1690
1688
1685
1682
1677
1670
1661
1649
1632
1611
1584
1551
1511
1463
1409
1348
1282
1212
1140
1069
1002
940
885
838
799
768
743
723
707
691
677
663
650
637
625
614
605
598
592
587
584
581
579
577
576
575
574
573
572
571
570
569
568
567
566
565
564
563
563
562
561
560
559
558
557
556
555
554
553
552
551
550
550
549
548
547
546
545
544
543
542
541
540
539
539
538
537
536
536
536
537
539
543
549
558
572
591
618
653
698
754
822
901
991
1089
1194
1302
1409
1513
1609
1697
1772
1837
1889
1932
1965
1990
2010
2026
2039
2050
2059
2068
2077
2085
2093
2101
2108
2116
2124
2132
2140
2148
2155
2163
2171
2179
2187
2195
2203
2210
2218
2226
2234
2242
2250
2257
2265
2273
2280
2288
2294
2300
2304
2306
2304
2298
2284
2261
2228
2182
2122
2048
1960
1859
1749
1633
1515
1398
1287
1182
1087
1003
929
865
810
765
726
695
669
648
631
617
606
598
591
587
586
587
590
598
608
623
641
661
684
709
734
759
782
804
823
840
855
869
880
890
900
908
916
924
932
940
947
955
962
970
977
984
992
999
1007
1014
1022
1029
1037
1044
1052
1059
1066
1074
1081
1089
1096
1104
1111
1119
1126
1133
1141
1148
1156
1163
1171
1178
1185
1192
1199
1205
1210
1215
1217
1218
1217
1213
1206
1196
1183
1168
1151
1133
1115
1097
1080
1065
1051
1039
1028
1018
1009
998
986
972
955
934
909
882
851
819
787
755
725
697
673
652
634
619
608
598
591
585
580
576
572
569
566
564
561
558
556
553
550
548
545
542
540
537
535
532
530
529
528
527
528
529
530
533
535
538
542
545
547
550
551
551
550
548
545
541
536
530
523
516
509
501
493
485
477
470
462
454
446
438
431
425
418
413
409
406
404
404
404
407
410
414
418
423
427
432
436
441
445
448
451
454
456
457
457
457
456
454
451
448
445
441
437
433
429
425
421
417
412
408
404
400
396
393
389
387
385
383
383
384
385
388
393
398
404
411
418
426
433
441
448
455
462
468
473
477
480
483
485
486
486
486
485
483
481
479
476
473
470
467
465
462
460
458
457
456
457
458
460
464
469
476
483
491
499
506
512
515
515
513
508
500
490
479
467
456
445
435
426
418
411
405
399
393
387
382
377
372
367
362
357
352
347
342
338
334
330
327
325
324
324
325
326
329
333
337
343
348
354
359
365
370
375
380
385
390
394
397
401
404
406
408
410
412
413
414
415
416
418
419
422
424
427
430
433
436
439
442
444
446
448
449
450
451
451
451
451
451
450
450
449
449
450
451
452
454
456
459
461
465
468
471
475
479
483
487
492
498
504
511
518
525
531
536
538
538
536
531
525
517
509
501
493
485
479
474
469
466
463
460
458
456
454
452
450
449
448
446
446
445
445
446
447
449
451
454
458
462
466
470
474
477
480
482
483
483
482
481
478
475
471
466
461
456
450
445
439
433
427
421
415
410
404
398
392
386
381
376
371
366
362
359
357
356
355
356
359
362
367
373
380
388
396
405
414
423
431
440
449
457
465
473
481
488
496
504
511
518
526
533
541
548
555
562
569
576
582
588
593
598
602
606
610
613
616
619
621
624
626
628
630
631
632
632
631
629
626
623
619
614
610
605
600
595
590
586
581
577
572
568
564
559
555
551
547
544
540
538
535
534
533
533
534
536
539
543
548
554
559
565
571
577
582
586
590
593
595
597
597
597
597
596
595
593
591
589
587
585
582
579
575
571
566
560
554
547
539
530
520
509
499
487
475
463
451
438
426
413
400
388
375
363
351
340
329
320
312
307
304
306
311
321
336
355
378
403
430
456
481
504
522
537
548
556
561
566
569
573
578
582
587
592
596
599
600
601
600
598
596
593
590
588
586
584
582
581
581
581
582
583
584
586
588
590
592
595
598
600
603
606
608
611
614
617
620
622
625
628
630
633
635
637
639
640
641
641
640
638
634
630
626
621
616
613
612
613
616
623
632
643
657
671
686
700
714
728
740
752
763
773
783
792
801
810
819
828
837
846
855
864
873
881
890
899
908
917
926
935
944
952
961
970
978
986
994
1000
1006
1010
1011
1010
1006
997
985
968
947
922
893
863
831
800
770
743
719
699
683
671
662
656
652
649
646
644
641
637
634
630
625
621
616
611
607
603
599
596
593
591
589
588
587
587
587
587
588
589
590
591
592
593
594
595
596
597
599
600
601
602
603
604
605
606
607
608
609
610
611
613
615
618
622
626
631
636
641
647
653
658
662
665
668
669
669
667
665
661
657
652
646
640
634
627
621
614
608
602
595
589
583
577
570
564
558
552
546
539
533
527
522
517
513
510
508
506
506
505
505
504
502
500
496
490
484
476
468
458
449
439
429
419
409
398
387
376
365
354
344
335
328
321
316
313
310
309
307
307
306
306
305
304
303
303
302
302
302
302
302
303
304
306
307
309
311
313
315
318
320
322
324
326
329
331
333
335
337
339
341
343
345
346
348
350
352
354
356
359
362
366
369
373
377
382
386
389
393
397
400
403
406
409
411
414
416
418
420
421
423
424
426
427
428
429
430
431
432
433
434
435
437
438
439
440
441
442
443
444
445
446
447
448
449
450
451
452
453
454
456
457
458
459
460
461
462
463
464
465
466
467
468
469
470
471
472
473
475
476
477
478
479
480
481
482
483
484
485
486
487
488
489
490
491
492
494
495
496
497
498
499
500
501
502
503
504
505
506
507
508
509
510
511
513
514
515
516
517
518
519
520
521
522
523
524
525
526
527
528
529
530
532
533
534
535
536
537
538
539
540
541
542
543
544
545
546
547
548
549
551
552
553
554
555
556
557
558
559
560
560
561
562
562
562
562
561
561
560
559
558
557
556
555
554
554
554
554
554
555
555
556
557
558
559
560
561
562
564
565
567
568
571
573
576
580
585
591
597
604
612
621
630
639
648
657
665
673
680
686
691
694
697
698
699
698
696
694
690
687
683
678
674
669
664
659
654
649
644
639
634
629
625
620
616
612
608
605
603
601
601
602
603
606
609
613
617
622
627
631
634
636
637
636
634
631
626
621
614
607
599
590
581
572
563
554
544
535
525
516
506
497
487
478
469
459
450
442
433
426
419
413
408
404
402
400
400
401
402
404
407
409
411
413
414
415
415
413
411
408
405
401
397
393
389
385
382
380
379
379
380
382
385
389
394
399
403
406
407
407
405
401
396
390
383
377
372
368
365
363
363
363
363
364
365
367
368
369
370
372
373
374
376
377
379
380
381
382
383
384
384
383
383
382
381
379
377
375
373
371
369
366
363
361
358
355
352
350
347
344
342
340
338
337
336
335
335
335
335
336
338
340
342
344
347
350
352
355
358
360
362
364
365
365
365
365
364
363
361
359
357
355
352
350
348
345
343
340
338
335
333
331
329
327
325
323
322
322
322
323
326
330
336
343
353
365
378
393
409
426
443
459
475
488
499
508
514
518
519
519
517
514
510
505
500
495
490
485
481
477
473
470
466
464
461
459
457
455
453
452
451
450
449
449
449
449
450
450
451
452
452
452
452
452
450
448
446
442
437
432
426
419
411
403
395
386
377
368
359
350
340
331
322
313
305
296
288
281
274
269
264
261
258
258
259
263
268
276
287
299
315
332
350
369
388
406
421
434
444
450
451
449
444
435
424
411
397
383
370
358
347
339
332
327
324
322
322
324
327
332
338
345
353
361
369
377
384
391
396
400
403
405
406
406
406
406
406
407
409
414
420
428
439
451
463
475
485
492
496
496
490
481
467
449
429
408
386
365
345
327
311
298
286
277
269
262
256
251
247
243
239
235
231
228
225
223
221
219
219
219
220
222
225
228
232
237
241
246
251
256
260
264
268
272
275
278
281
284
286
289
291
294
296
298
301
303
305
308
310
312
314
316
318
320
322
324
326
328
331
333
335
338
340
343
345
347
349
350
350
350
350
348
346
344
341
338
334
330
326
322
319
315
312
310
308
306
305
304
303
303
303
304
305
306
308
309
312
314
317
320
323
326
330
334
337
341
344
346
349
350
352
353
353
354
354
353
353
352
352
351
350
349
348
347
346
345
343
342
340
338
335
332
329
325
322
318
315
312
309
307
306
305
304
304
304
304
304
304
305
305
305
305
305
306
306
307
308
309
310
311
312
313
314
315
315
315
315
315
315
315
315
315
315
315
315
315
315
315
315
315
315
316
316
316
317
318
319
320
321
323
326
328
331
335
339
343
347
352
356
361
365
369
373
376
378
380
381
382
381
381
379
378
376
374
372
370
368
367
366
365
364
364
363
363
363
362
361
361
360
359
358
358
357
357
356
356
356
356
357
357
358
359
360
361
362
363
365
366
368
370
372
374
377
380
383
387
391
396
400
405
410
415
420
425
430
435
440
444
449
454
459
464
469
473
478
483
488
493
498
503
508
513
518
523
528
533
538
543
548
553
558
562
566
570
574
577
579
582
583
585
585
585
584
583
581
579
577
574
571
568
565
562
560
558
556
554
553
552
551
550
549
549
549
549
548
548
549
549
550
550
551
552
554
555
557
558
559
561
561
562
562
561
560
559
558
557
556
556
556
557
559
563
567
573
580
588
598
608
620
632
645
658
671
685
699
713
727
741
755
769
783
798
812
826
839
853
866
879
892
903
914
923
931
937
942
946
949
950
951
952
952
953
953
953
953
953
951
949
946
942
938
933
927
921
915
909
903
897
892
887
882
878
874
870
867
864
861
859
858
857
858
859
861
864
867
872
877
882
887
893
897
901
904
907
908
908
907
906
904
902
901
901
901
903
906
910
915
921
928
935
942
949
956
963
970
977
983
989
995
1000
1005
1010
1015
1020
1026
1031
1036
1042
1048
1053
1058
1063
1066
1069
1070
1070
1070
1068
1066
1064
1061
1059
1057
1055
1054
1053
1053
1052
1052
1051
1051
1051
1051
1051
1053
1055
1058
1061
1066
1072
1079
1086
1094
1102
1110
1119
1128
1137
1146
1155
1164
1173
1182
1191
1200
1209
1217
1225
1233
1240
1247
1252
1257
1260
1262
1263
1263
1263
1263
1263
1263
1265
1267
1271
1276
1282
1288
1295
1301
1307
1312
1316
1319
1321
1321
1320
1318
1316
1313
1311
1308
1305
1302
1300
1298
1295
1294
1292
1290
1289
1288
1288
1288
1288
1288
1289
1290
1290
1291
1292
1293
1294
1295
1296
1297
1298
1299
1300
1301
1302
1302
1302
1302
1302
1300
1298
1295
1292
1287
1281
1274
1266
1258
1248
1238
1228
1217
1206
1194
1183
1171
1159
1148
1136
1124
1112
1101
1089
1077
1065
1054
1042
1030
1018
1007
995
983
971
960
948
936
924
913
901
889
877
865
854
842
830
818
807
795
783
771
760
748
736
724
713
701
689
677
666
654
642
630
619
607
595
583
572
560
548
536
525
513
501
490
478
467
455
443
431
417
403
388
371
354
335
315
296
278
262
249
239
234
234
238
247
260
275
293
311
329
346
361
375
385
394
401
405
409
411
412
412
412
412
412
413
413
413
414
415
417
418
420
421
423
425
428
430
432
434
437
439
441
444
446
449
451
454
456
459
461
464
466
468
471
473
475
477
478
479
480
481
481
482
482
482
482
482
482
482
483
484
485
487
488
490
492
494
496
497
498
497
496
493
488
480
471
459
445
429
412
396
381
368
359
353
352
356
363
374
386
401
415
429
442
453
462
469
474
478
481
483
484
485
486
487
488
489
490
492
494
496
499
503
508
514
520
528
536
546
556
567
579
591
604
617
630
643
656
670
683
697
710
724
737
750
764
777
789
802
814
825
836
845
854
862
869
875
881
885
889
893
896
898
900
902
903
904
904
904
904
902
900
898
895
891
886
881
875
869
862
854
846
838
829
819
810
801
791
782
773
764
756
749
742
736
731
726
723
720
717
715
712
710
708
705
703
699
696
692
687
682
676
671
664
657
650
642
633
624
615
605
594
584
573
562
550
539
528
516
505
493
482
470
459
447
436
424
413
402
392
382
374
366
360
355
352
351
352
356
362
370
380
392
404
418
431
444
455
465
474
481
486
490
492
494
495
495
495
495
494
493
492
491
490
488
487
486
486
486
487
489
494
500
508
519
532
547
565
584
605
627
650
674
697
721
745
769
793
816
840
863
886
909
932
955
976
997
1017
1035
1050
1063
1072
1078
1079
1076
1068
1055
1039
1018
995
969
941
911
880
848
816
783
750
717
684
650
617
584
551
519
487
456
428
401
378
358
344
335
331
334
342
354
371
390
410
431
450
467
481
492
500
506
509
510
510
508
506
503
500
496
493
489
485
482
478
475
471
468
464
461
458
455
452
450
448
447
447
447
448
450
453
456
460
464
469
473
477
480
484
486
488
489
490
490
490
490
489
488
487
486
485
484
482
481
480
479
477
476
475
474
472
471
470
469
468
467
466
466
466
466
467
469
471
474
478
483
488
494
501
508
516
524
532
540
548
555
562
567
572
576
579
581
581
581
580
577
573
568
562
555
548
539
530
520
510
500
489
478
466
455
443
431
419
407
395
382
370
358
346
335
324
314
305
299
294
292
294
299
307
319
334
352
371
391
410
429
445
460
472
483
492
499
506
511
516
520
524
527
530
533
535
538
540
542
543
544
545
545
544
543
541
539
536
534
531
528
525
523
520
518
515
513
511
510
508
507
506
506
506
506
506
506
507
507
507
506
506
506
505
504
504
503
502
502
501
500
499
498
497
496
495
494
493
492
491
489
488
486
485
483
481
478
475
472
469
465
462
458
455
452
448
445
442
439
435
432
428
423
418
413
407
400
393
385
378
369
361
352
344
335
326
317
308
300
291
282
273
265
257
248
241
233
227
220
215
211
207
205
204
203
204
205
208
211
214
218
222
226
230
234
237
241
245
248
251
254
257
260
263
265
267
269
270
271
271
271
270
269
267
266
265
264
263
263
263
263
263
264
265
265
266
267
268
269
270
271
272
273
275
276
278
280
281
283
285
287
289
290
291
293
294
295
296
297
298
299
300
300
301
302
302
303
303
304
304
304
305
305
305
306
306
307
308
309
309
310
310
311
311
310
309
308
307
306
304
302
299
297
294
291
288
285
281
278
275
272
270
267
265
264
263
262
261
261
261
262
262
263
264
265
266
267
268
268
269
269
268
268
267
266
264
263
262
260
259
258
256
255
254
253
252
250
249
247
246
244
242
239
237
235
233
231
229
227
225
224
222
221
219
218
217
216
215
214
213
212
210
209
208
207
206
205
205
204
204
204
205
207
210
214
220
227
235
244
255
266
278
290
302
314
326
337
349
360
371
382
392
403
413
424
434
444
453
462
470
476
482
486
489
491
491
491
490
488
486
485
484
483
482
482
482
481
481
480
479
477
475
473
470
468
465
462
459
456
453
450
447
445
442
441
439
439
438
438
439
440
441
443
445
447
449
452
454
457
459
461
463
465
467
469
470
472
472
473
473
473
472
471
469
467
464
461
457
454
450
446
442
438
434
430
426
422
418
414
410
405
401
397
393
389
386
383
381
379
377
376
376
375
376
376
377
377
378
379
380
381
383
384
386
387
389
391
393
395
396
398
400
402
404
406
408
410
412
414
416
418
419
421
423
425
427
429
431
433
435
437
439
441
443
445
447
449
451
453
455
458
460
463
466
468
471
474
476
478
480
480
480
479
477
474
471
467
463
459
455
450
446
442
438
434
430
426
422
418
414
410
407
403
400
397
394
392
391
390
389
390
391
392
394
397
400
403
406
409
412
415
417
418
420
421
422
422
422
423
422
422
422
421
420
419
418
417
416
414
413
412
411
410
409
407
406
405
404
403
402
402
401
401
401
402
404
406
409
413
418
423
429
436
443
449
456
462
468
473
478
482
485
489
491
493
495
496
497
497
497
497
497
496
496
495
495
494
494
494
494
495
496
497
499
500
502
503
504
504
505
505
504
503
502
501
500
498
497
495
494
492
491
489
488
486
485
484
483
483
483
484
485
486
488
490
491
493
495
496
497
498
498
498
498
498
498
497
496
495
493
491
489
487
485
482
480
477
475
472
470
467
465
462
460
457
455
453
451
450
449
449
449
450
451
453
456
459
462
465
468
471
474
476
477
478
478
478
477
476
475
473
471
470
468
466
463
461
459
457
455
453
451
449
447
445
443
441
439
437
436
434
433
432
432
432
432
433
434
436
438
441
444
448
452
456
460
464
466
469
470
470
470
469
467
465
463
460
458
456
454
452
450
449
447
446
445
444
442
441
441
440
439
439
440
440
441
442
444
446
448
450
452
455
457
459
461
462
464
465
466
467
467
467
468
467
467
467
467
466
466
466
466
465
466
466
466
466
466
466
467
467
467
467
468
468
469
470
471
473
474
476
477
479
480
482
483
484
485
485
486
486
487
487
488
488
489
489
490
491
492
492
493
493
494
494
494
493
493
493
492
492
491
491
490
490
489
488
487
487
486
485
484
483
483
482
482
482
481
481
481
481
481
481
481
481
481
480
480
480
480
480
479
479
479
480
480
481
482
483
484
485
486
487
488
489
489
490
490
489
489
488
486
485
483
482
480
478
477
475
474
473
472
471
471
470
469
469
468
468
468
468
468
468
468
469
470
471
472
473
475
476
478
479
479
480
480
480
479
478
478
477
476
475
474
474
473
473
473
473
473
473
473
474
474
474
474
474
474
474
473
473
472
470
468
466
463
460
456
451
447
442
437
432
427
422
416
411
405
398
391
384
377
369
360
352
343
334
325
316
307
298
289
280
271
262
253
245
236
228
220
213
207
202
199
197
198
201
206
213
224
236
251
267
285
304
324
344
366
387
408
430
451
473
493
513
532
550
566
580
592
602
609
613
616
616
614
611
607
602
596
590
584
578
572
566
561
555
549
543
537
530
523
515
507
498
488
478
467
455
443
430
418
405
392
379
366
353
340
327
313
300
287
274
261
248
235
221
208
195
183
170
158
146
134
123
113
104
96
89
84
79
76
73
72
71
71
71
72
73
74
75
76
77
78
79
80
81
83
85
87
90
94
100
107
117
128
142
157
174
193
213
233
253
272
291
309
326
342
358
372
387
400
414
427
440
453
466
479
491
504
516
528
539
550
560
570
579
588
595
603
609
615
620
625
629
633
636
639
641
643
644
645
646
646
647
647
647
647
647
647
646
645
644
642
640
636
632
627
621
615
608
602
595
589
584
579
575
571
568
566
565
564
564
564
565
567
569
572
575
578
581
585
589
593
597
601
605
609
613
617
620
624
627
630
632
635
636
638
639
640
641
641
642
643
645
646
648
650
652
654
657
660
662
665
668
671
673
676
679
682
685
688
690
693
696
699
702
705
707
710
713
716
719
721
724
727
730
733
735
738
741
743
746
748
750
751
753
753
754
754
755
754
754
754
754
754
754
753
752
750
747
744
739
734
727
720
713
705
698
690
684
678
672
667
663
659
656
653
651
648
646
644
642
641
639
638
637
636
634
633
632
631
630
629
628
627
626
625
624
623
622
621
620
619
618
618
617
617
617
617
618
620
622
625
628
632
636
640
644
648
652
655
658
660
662
662
662
662
661
660
659
657
656
655
655
654
654
654
655
655
656
657
658
659
660
661
663
664
665
666
667
668
670
671
672
674
675
677
679
681
683
685
687
690
692
695
697
700
702
704
705
706
706
706
704
702
699
695
690
684
678
672
665
658
652
645
639
632
626
620
615
609
604
598
593
588
583
578
573
569
566
563
562
561
563
565
570
576
584
593
604
615
626
637
647
656
664
670
674
677
678
678
676
673
669
664
658
651
645
638
631
625
619
613
608
604
600
597
595
594
593
594
594
596
598
600
603
607
610
614
619
623
628
633
638
643
649
654
659
664
669
673
677
680
683
685
686
687
686
685
684
682
680
677
675
671
668
664
661
657
653
650
646
643
639
636
633
629
625
621
616
611
606
600
593
587
580
574
567
560
554
547
540
534
527
521
514
508
501
494
488
482
475
469
463
457
452
447
444
441
440
441
443
447
454
462
471
482
493
503
513
521
527
531
531
529
525
518
510
500
489
478
466
455
444
433
422
411
401
391
381
372
363
355
348
341
335
330
325
321
318
315
314
312
312
311
312
313
314
316
318
320
323
326
329
332
336
340
344
347
351
355
359
363
367
371
375
379
383
387
391
395
399
403
407
411
415
419
423
427
431
435
439
443
447
451
455
459
463
467
471
475
479
483
487
491
495
499
503
507
511
515
518
522
526
530
533
536
540
543
545
548
550
552
554
555
557
558
558
558
558
557
555
553
550
546
541
535
528
519
509
498
486
472
458
443
428
412
396
379
362
346
329
312
295
279
262
246
230
215
201
187
175
165
156
150
145
143
143
145
149
154
159
166
172
178
184
189
193
197
199
201
202
203
204
204
204
203
203
203
203
202
202
202
201
201
201
201
200
200
200
200
200
200
201
202
202
204
205
207
209
212
215
218
221
224
228
232
235
239
243
247
250
254
258
262
266
271
276
281
287
294
303
312
323
336
350
365
380
396
412
427
442
455
468
478
488
496
504
510
515
519
523
526
528
530
531
532
532
531
529
527
525
521
518
514
509
504
500
495
490
486
482
478
474
471
468
465
463
461
459
457
455
453
451
449
447
445
442
440
438
435
432
430
427
424
422
419
416
413
410
407
404
401
399
396
394
393
392
392
393
395
397
400
404
408
412
416
420
424
428
431
434
437
439
441
443
444
445
447
447
448
449
450
450
451
451
452
453
453
454
455
455
456
457
457
458
459
460
461
463
465
466
468
471
473
475
477
480
482
484
485
487
488
489
490
490
491
491
491
491
491
491
491
492
492
492
492
493
493
493
494
494
494
494
495
495
495
496
496
496
497
497
497
498
498
498
499
499
499
499
500
500
500
501
501
501
502
502
502
503
503
503
504
504
504
505
505
506
506
506
507
507
508
508
508
509
509
510
510
510
511
511
512
512
512
513
513
514
514
514
515
515
516
516
516
517
517
518
518
519
520
520
522
523
525
527
529
532
536
540
545
550
555
561
568
574
581
588
595
603
610
617
625
632
639
646
654
661
668
676
683
690
697
705
712
720
728
736
745
754
763
773
783
793
803
813
822
830
838
846
852
859
865
871
876
882
888
893
899
904
910
916
921
927
933
938
944
949
955
959
964
967
969
969
966
959
947
929
905
873
835
790
742
690
639
589
544
505
472
447
428
414
405
400
396
393
391
388
385
381
376
372
367
362
357
352
348
345
341
339
336
334
332
331
329
328
327
325
324
323
321
320
318
317
316
314
313
311
310
309
308
307
307
306
306
305
305
304
304
304
304
304
304
305
307
309
312
315
319
323
328
334
340
346
352
358
365
372
379
385
392
399
406
413
420
426
432
438
444
448
452
454
455
453
450
444
437
427
416
404
392
381
369
359
349
341
334
327
321
315
309
304
299
294
288
283
278
272
267
262
257
251
246
242
237
233
229
226
223
221
219
218
218
218
218
218
218
218
218
217
215
214
212
209
207
204
202
200
198
196
195
194
194
194
194
194
195
196
197
198
200
201
202
203
204
205
206
207
208
209
210
211
212
213
214
215
216
217
217
218
219
220
221
222
223
224
225
226
227
228
229
230
231
232
233
234
235
236
237
238
238
239
240
241
242
243
244
245
246
247
248
249
250
251
252
253
254
255
256
257
258
259
259
260
261
262
263
264
265
266
267
268
269
270
271
272
273
274
275
276
277
278
279
280
280
281
282
283
284
285
286
287
288
289
290
291
292
293
294
295
296
297
298
299
300
301
301
302
303
304
305
306
307
308
309
310
311
312
313
314
315
316
317
318
319
320
321
322
322
323
325
326
327
328
330
331
333
336
339
343
348
353
360
368
376
385
396
407
418
430
442
455
468
481
494
507
519
532
544
556
566
576
584
589
592
592
588
580
570
556
541
524
508
493
479
468
460
454
451
450
451
452
455
457
460
462
465
467
470
472
474
476
478
479
481
482
482
483
483
484
484
484
484
484
484
484
483
483
483
483
483
483
483
483
483
483
483
483
482
482
482
482
482
482
482
482
482
481
481
481
481
481
481
481
481
480
480
480
480
480
480
480
480
479
479
479
479
479
479
479
479
479
478
478
478
478
478
478
478
478
477
477
477
477
477
477
477
477
476
476
476
476
476
476
476
476
475
475
475
475
475
475
475
475
475
474
474
474
474
474
474
474
474
473
473
473
473
473
473
473
473
472
472
472
472
472
472
472
472
471
471
471
471
471
471
471
471
471
470
470
470
470
470
470
470
470
469
469
469
469
469
469
469
469
468
468
468
468
468
468
468
468
467
467
467
467
467
467
467
467
467
466
466
466
466
466
466
466
466
465
465
465
465
465
465
465
465
464
464
464
464
464
464
464
464
463
463
463
463
463
463
463
463
463
462
462
462
462
462
462
462
462
461
461
461
461
461
461
461
461
460
460
460
460
460
460
460
460
459
459
459
459
459
459
459
459
459
458
458
458
458
458
458
458
458
457
457
457
457
457
457
457
457
456
456
456
456
456
456
456
456
455
455
455
455
455
455
455
455
455
454
454
454
454
454
454
454
454
453
453
453
453
453
453
453
453
452
452
452
452
452
452
452
452
452
451
451
451
451
451
451
451
451
451
451
451
451
451
452
452
452
453
453
454
454
455
455
456
456
457
457
457
458
458
459
459
460
460
461
461
462
462
463
463
464
464
465
465
466
466
467
467
468
468
469
469
470
470
471
471
472
472
473
473
474
474
475
475
476
476
477
477
478
478
479
479
480
480
481
481
482
482
483
483
484
484
485
485
486
486
487
487
488
488
489
489
490
490
491
491
492
492
493
493
494
494
495
495
496
496
497
497
498
498
499
499
500
500
501
501
502
502
503
503
504
504
505
505
506
506
507
507
508
508
509
509
510
510
511
511
512
512
513
513
514
514
515
515
516
516
517
517
518
518
519
519
520
520
521
521
522
522
523
523
524
524
524
525
525
525
525
525
525
524
523
522
520
518
515
512
509
505
501
497
492
488
483
479
474
470
465
460
456
451
446
440
435
429
423
417
411
405
398
391
385
378
371
364
357
350
343
335
328
321
314
307
299
291
283
274
264
254
243
231
218
204
190
176
162
149
137
126
117
109
103
98
94
91
88
86
85
83
82
81
79
78
77
76
75
74
74
74
75
77
80
86
94
107
123
143
168
197
229
264
300
336
371
403
432
458
479
497
512
524
534
542
549
555
560
564
567
569
570
571
571
570
568
566
563
560
558
555
552
550
548
545
543
541
539
536
534
532
530
528
526
525
524
524
524
523
523
523
523
523
523
522
522
521
520
519
519
518
517
516
515
514
513
512
511
510
508
506
504
502
500
497
494
490
487
484
481
479
476
475
473
472
471
471
471
470
470
470
470
470
469
469
469
468
468
468
468
467
467
467
466
466
466
465
465
465
464
464
464
463
463
463
463
462
462
462
461
461
461
460
460
460
459
459
459
458
458
458
458
457
457
457
456
456
456
455
455
455
454
454
454
453
453
453
453
452
452
452
452
451
451
451
451
451
451
451
451
451
451
450
450
449
448
446
445
443
440
438
435
432
430
427
424
421
418
415
412
409
406
402
399
395
390
384
377
368
358
345
331
314
297
278
259
241
224
209
195
182
172
162
153
145
138
130
123
117
111
105
100
96
92
89
86
83
81
79
76
74
72
70
68
66
64
62
61
59
58
58
59
60
62
66
70
77
84
94
104
115
127
140
153
166
179
191
203
213
223
232
239
245
251
255
259
263
266
268
271
273
275
277
279
282
284
286
288
290
292
294
296
298
300
302
304
306
308
310
312
314
316
318
320
322
324
326
328
330
332
334
336
338
341
343
345
347
349
351
353
355
357
359
361
363
365
367
369
371
373
375
377
379
381
383
385
387
389
391
393
395
397
399
401
403
406
408
410
412
414
416
418
420
422
424
426
428
430
432
434
436
438
440
442
444
446
448
450
452
454
456
458
460
462
464
466
469
471
473
475
477
479
481
483
485
487
489
491
493
495
497
499
501
503
505
507
509
511
513
515
517
519
521
523
525
527
529
532
534
536
538
540
542
544
546
548
550
552
554
556
558
560
562
564
566
568
570
572
574
576
578
580
582
584
586
588
590
592
594
597
599
601
603
605
607
609
611
613
615
617
619
621
623
625
627
629
631
633
635
637
639
641
643
645
647
649
651
653
655
657
660
662
664
666
668
670
672
674
676
678
680
682
684
686
688
690
692
694
696
698
700
702
704
706
708
710
712
714
716
718
720
722
725
727
729
731
732
734
736
738
740
741
743
744
745
746
747
748
749
749
750
750
751
751
751
751
752
752
752
752
753
753
753
753
753
754
754
754
754
755
755
755
755
755
756
756
756
756
757
757
757
757
758
758
758
758
758
759
759
759
759
760
760
760
760
760
761
761
761
761
762
762
762
762
762
763
763
763
763
764
764
764
764
765
765
765
765
765
766
766
766
766
767
767
767
767
767
768
768
768
768
769
769
769
769
769
770
770
770
770
771
771
771
771
772
772
772
772
772
773
773
773
773
774
774
774
774
774
775
775
775
775
776
776
776
776
777
777
777
777
777
778
778
778
778
779
779
779
779
779
780
780
780
780
781
781
781
781
781
782
782
782
782
783
783
783
783
784
784
784
784
784
785
785
785
785
786
786
786
786
786
787
787
787
787
788
788
788
788
788
789
789
789
789
790
790
790
790
791
791
791
791
791
792
792
792
792
793
793
793
793
793
794
794
794
794
795
795
795
795
795
796
796
796
796
797
797
797
797
798
798
798
798
798
799
799
799
799
800
800
800
800
800
801
801
801
801
802
802
802
802
803
803
803
803
803
804
804
804
804
805
805
805
805
805
806
806
806
806
807
807
807
807
807
808
808
808
808
809
809
809
809
810
810
810
810
810
811
811
811
811
812
812
812
812
812
813
813
813
813
814
814
814
814
814
815
815
815
815
816
816
816
816
817
817
817
817
817
818
818
818
818
819
819
819
819
819
820
820
820
820
821
821
821
821
821
822
822
822
822
823
823
823
823
824
824
824
824
824
825
825
825
825
826
826
826
826
826
827
827
827
827
828
828
828
828
829
829
829
829
829
830
830
830
830
831
831
831
831
831
832
832
832
832
833
833
833
833
833
834
834
834
834
835
835
835
835
836
836
836
836
836
837
837
837
837
838
838
838
838
838
839
839
839
839
840
840
840
840
840
841
841
841
841
842
842
842
842
842
842
842
842
841
840
838
834
829
821
811
797
780
760
736
710
682
654
626
599
575
554
536
521
509
500
494
489
485
482
480
478
476
473
469
464
456
445
430
411
388
362
332
302
272
245
223
209
205
210
226
252
285
324
366
409
450
488
520
548
569
585
597
604
608
611
611
611
611
612
613
615
619
623
629
635
642
649
657
664
672
678
685
691
697
702
707
711
716
720
724
729
734
740
746
754
764
776
792
811
836
866
903
948
1000
1061
1129
1205
1285
1369
1454
1537
1615
1687
1751
1807
1856
1898
1934
1966
1993
2016
2033
2042
2042
2029
1999
1951
1882
1792
1684
1562
1433
1308
1195
1105
1047
1027
1050
1113
1214
1346
1498
1661
1826
1983
2127
2252
2358
2443
2510
2562
2601
2629
2651
2668
2682
2693
2704
2713
2723
2732
2741
2750
2758
2767
2774
2782
2788
2794
2799
2803
2805
2807
